0.086599 15.551831
0.113334 15.571744
0.132060 15.523278
0.137999 15.549016
0.154579 15.586505
0.202638 15.578810
0.248100 15.562945
0.254083 15.541657
0.322350 15.613815
0.355624 15.620312
0.383714 15.662197
0.386179 15.655726
0.399930 15.668790
0.471671 15.559173
0.499848 15.553401
0.502315 15.550072
0.551029 15.378463
0.578826 15.333255
0.691632 15.306632
0.728861 15.335324
0.797893 15.371206
0.807712 15.365878
0.844951 15.402256
0.851520 15.375379
0.878210 15.403428
0.976884 15.489246
0.997248 15.511996
1.086599 15.551831
1.113334 15.571744
1.132060 15.523278
1.137999 15.549016
1.154579 15.586505
