0.060632 16.628955
0.066419 16.640887
0.110907 16.706062
0.134242 16.688893
0.195708 16.710835
0.212354 16.712336
0.263429 16.727369
0.266721 16.747203
0.332245 16.720791
0.395993 16.756255
0.418947 16.795742
0.458578 16.846099
0.521427 16.665884
0.589030 16.261335
0.650652 16.102002
0.718223 16.166765
0.753004 16.266412
0.758800 16.252171
0.818693 16.390843
0.895411 16.479043
0.948023 16.528918
0.988604 16.531871
1.060632 16.628955
1.066419 16.640887
1.110907 16.706062
1.134242 16.688893
1.195708 16.710835
