0.030475 10.968909
0.091678 10.995003
0.133362 11.013560
0.174670 10.992879
0.197309 11.043172
0.202219 11.061546
0.258326 11.120382
0.270756 11.130849
0.316469 11.160120
0.324115 11.179753
0.343958 11.194789
0.356714 11.199683
0.365796 11.219717
0.369794 11.168095
0.400073 11.249356
0.411358 11.207851
0.412526 11.249753
0.429045 11.277590
0.429045 11.275575
0.465863 11.238497
0.470732 11.193139
0.507545 11.017479
0.544758 10.717071
0.612520 10.366571
0.615198 10.365850
0.659482 10.399033
0.686516 10.455213
0.725558 10.522432
0.737537 10.567794
0.737537 10.567686
0.756971 10.600915
0.837251 10.694082
0.844906 10.714473
0.849037 10.665758
0.867324 10.716196
0.886569 10.778442
0.886626 10.769385
0.890614 10.742607
0.932169 10.800946
0.945046 10.863912
0.949916 10.866955
0.986707 10.925810
0.991603 10.929425
1.030475 10.968909
1.091678 10.995003
1.133362 11.013560
1.174670 10.992879
1.197309 11.043172
