0.055210 17.317645
0.060178 17.331686
0.070464 17.349082
0.077642 17.357870
0.090171 17.378799
0.103061 17.398770
0.107778 17.388183
0.118214 17.393316
0.133167 17.410266
0.184423 17.417061
0.240415 17.427216
0.240684 17.438497
0.255836 17.437651
0.277824 17.440254
0.333300 17.443032
0.378027 17.442654
0.405203 17.452295
0.419735 17.473104
0.434104 17.507803
0.504978 17.567701
0.515956 17.537919
0.571725 16.951226
0.590058 16.774218
0.641865 16.616879
0.642593 16.584238
0.661007 16.642702
0.727674 16.822140
0.843530 17.048409
0.860686 17.073522
0.917601 17.133060
0.970159 17.223148
0.998310 17.253056
1.055210 17.317645
1.060178 17.331686
1.070464 17.349082
1.077642 17.357870
1.090171 17.378799
1.103061 17.398770
1.107778 17.388183
1.118214 17.393316
1.133167 17.410266
1.184423 17.417061
