0.006608 16.065152
0.017324 16.087181
0.026112 16.064810
0.049542 16.116423
0.116843 16.136333
0.154495 16.138606
0.242805 16.194689
0.261389 16.194468
0.336978 16.243076
0.349655 16.269959
0.386309 16.292706
0.433277 16.282446
0.436632 16.295246
0.473211 16.213226
0.473811 16.197564
0.543526 15.930607
0.580705 15.828951
0.640742 15.761159
0.725131 15.836048
0.797974 15.936494
0.879437 15.979603
0.910426 16.004540
0.919224 15.988833
0.923435 16.013838
1.006608 16.065152
1.017324 16.087181
1.026112 16.064810
1.049542 16.116423
1.116843 16.136333
1.154495 16.138606
