0.060209 16.608892
0.078080 16.622711
0.097569 16.661687
0.218839 16.651095
0.219197 16.722726
0.250108 16.608252
0.284944 16.627523
0.340476 16.713297
0.356423 16.689981
0.357065 16.648846
0.362108 16.692886
0.371737 16.670410
0.406573 16.663772
0.478056 16.653315
0.573607 16.528875
0.646598 16.261613
0.651634 16.310990
0.682059 16.215425
0.695243 16.149842
0.702771 16.290282
0.731425 16.349093
0.788568 16.385846
0.803692 16.328992
0.815433 16.472659
0.853060 16.470981
0.871425 16.472926
0.872599 16.482044
0.937117 16.516515
0.965540 16.513187
1.060209 16.608892
1.078080 16.622711
1.097569 16.661687
