0.000031 16.250035
0.041989 16.311185
0.056209 16.320684
0.071836 16.342224
0.076387 16.324952
0.114874 16.368717
0.124235 16.381938
0.156929 16.389644
0.171127 16.400338
0.191299 16.423688
0.252509 16.417057
0.286894 16.427204
0.315167 16.422124
0.329989 16.414992
0.383556 16.416449
0.428795 16.430788
0.498443 16.534630
0.510913 16.519438
0.529057 16.423758
0.535437 16.380484
0.619146 15.682809
0.625833 15.672059
0.644021 15.697622
0.650347 15.698435
0.709871 15.835475
0.734061 15.887338
0.824787 16.032267
0.848729 16.083568
0.850695 16.084311
0.885118 16.117646
0.910303 16.149776
0.963646 16.197128
0.999957 16.254560
1.000031 16.250035
1.041989 16.311185
1.056209 16.320684
1.071836 16.342224
1.076387 16.324952
1.114874 16.368717
1.124235 16.381938
1.156929 16.389644
1.171127 16.400338
1.191299 16.423688
