0.006781 20.293809
0.058360 20.226759
0.099054 20.166158
0.188126 20.186426
0.301213 20.318637
0.301643 20.389602
0.395979 20.254754
0.414733 20.241356
0.434126 20.236590
0.454473 20.175272
0.557888 20.157470
0.632476 20.019464
0.658359 20.004916
0.666186 20.036165
0.671408 20.004292
0.687932 20.065874
0.712823 20.097260
0.736580 20.027756
0.754764 20.103443
0.756651 20.167463
0.770641 20.067380
0.837177 20.127770
0.868239 20.108008
0.928465 20.093481
0.944840 20.277049
0.950694 20.187334
0.985491 20.147855
1.006781 20.293809
1.058360 20.226759
1.099054 20.166158
1.188126 20.186426
