0.030887 15.578795
0.059699 15.610518
0.075085 15.636761
0.088578 15.600044
0.093969 15.637322
0.127931 15.630112
0.132037 15.667367
0.257469 15.724890
0.258980 15.758283
0.285679 15.767888
0.329413 15.704160
0.392519 15.751398
0.411094 15.842068
0.426454 15.798091
0.448842 15.819292
0.454829 15.852190
0.480373 15.877374
0.495434 15.829653
0.501346 15.875538
0.551869 15.464894
0.574256 15.148688
0.578580 15.102341
0.620802 14.770679
0.635765 14.750853
0.655299 14.809838
0.669988 14.851840
0.682929 14.946167
0.703995 14.967412
0.707254 14.951918
0.709618 14.998740
0.729259 15.027297
0.753351 15.104395
0.776207 15.126298
0.776565 15.163095
0.832683 15.237756
0.835034 15.284908
0.839428 15.262155
0.872781 15.318981
0.878765 15.344226
0.934239 15.424542
0.968542 15.483327
0.975807 15.498769
0.998198 15.527909
1.030887 15.578795
1.059699 15.610518
1.075085 15.636761
1.088578 15.600044
1.093969 15.637322
1.127931 15.630112
1.132037 15.667367
