0.037603 18.505109
0.056441 18.513075
0.087004 18.515222
0.092726 18.514511
0.099493 18.559065
0.136333 18.559436
0.142038 18.568850
0.142515 18.591314
0.179839 18.582268
0.206745 18.574891
0.218428 18.595633
0.222152 18.580726
0.227664 18.598498
0.252022 18.588174
0.258378 18.650878
0.259731 18.597588
0.265436 18.603883
0.265847 18.597320
0.267576 18.608286
0.286660 18.609988
0.307799 18.604192
0.330144 18.588233
0.341878 18.558618
0.345598 18.588737
0.351066 18.611634
0.387950 18.673890
0.393418 18.642691
0.410038 18.662455
0.473561 18.723845
0.511303 18.644259
0.516759 18.572264
0.553416 18.300525
0.559159 18.284994
0.561255 18.291952
0.639321 18.044002
0.676856 18.111810
0.677092 18.101887
0.682558 18.114637
0.724918 18.186839
0.743925 18.224721
0.762719 18.256050
0.805075 18.279438
0.810534 18.276013
0.890680 18.363434
0.913018 18.354166
0.928475 18.379155
0.933934 18.394276
0.958343 18.428121
0.969344 18.457398
0.970821 18.460873
1.037603 18.505109
1.056441 18.513075
1.087004 18.515222
1.092726 18.514511
1.099493 18.559065
1.136333 18.559436
1.142038 18.568850
1.142515 18.591314
1.179839 18.582268
