0.000505 17.938768
0.006945 17.966481
0.021992 17.975561
0.028904 17.985841
0.050603 17.998665
0.110656 18.095328
0.136978 18.118370
0.137188 18.127623
0.143005 18.172164
0.144148 18.198949
0.150642 18.161358
0.165740 18.147052
0.170054 18.150724
0.177413 18.143927
0.255950 18.193206
0.286712 18.151515
0.311111 18.190969
0.336283 18.150952
0.338763 18.179232
0.370940 18.136510
0.394157 18.160782
0.479980 18.228946
0.482463 18.203497
0.484508 18.235991
0.486241 18.230716
0.507770 18.245738
0.519448 18.240104
0.537903 18.150506
0.542758 18.136910
0.598370 17.459239
0.622740 17.218146
0.624919 17.214644
0.629937 17.251458
0.651463 17.202552
0.653181 17.167402
0.655854 17.196401
0.658463 17.232158
0.663145 17.232015
0.680017 17.251032
0.684369 17.260562
0.714370 17.377748
0.722572 17.392559
0.799555 17.632450
0.824508 17.649110
0.826577 17.686265
0.856692 17.724484
0.866278 17.704649
0.933978 17.836470
0.965779 17.908032
0.966958 17.898853
0.968206 17.893139
0.971971 17.933048
0.993494 17.922686
0.994299 17.943565
1.000505 17.938768
1.006945 17.966481
1.021992 17.975561
1.028904 17.985841
1.050603 17.998665
1.110656 18.095328
1.136978 18.118370
1.137188 18.127623
1.143005 18.172164
1.144148 18.198949
1.150642 18.161358
1.165740 18.147052
1.170054 18.150724
1.177413 18.143927
