0.075388 16.077602
0.109583 16.103221
0.128512 16.092367
0.152485 16.154603
0.179993 16.107444
0.210836 16.136425
0.232370 16.129360
0.288319 16.148409
0.339745 16.172246
0.367817 16.197404
0.475140 16.209845
0.494984 16.213991
0.500043 16.259073
0.593193 15.657979
0.600252 15.583719
0.630376 15.404230
0.635495 15.415075
0.704820 15.573333
0.730274 15.619785
0.735702 15.582279
0.752200 15.665458
0.840321 15.802306
0.858292 15.777226
0.865665 15.852854
0.887645 15.869186
0.972969 15.951753
1.075388 16.077602
1.109583 16.103221
1.128512 16.092367
1.152485 16.154603
1.179993 16.107444
