0.002489 17.341139
0.117531 17.491645
0.144519 17.543517
0.177123 17.580651
0.178946 17.585931
0.194476 17.598740
0.249518 17.635804
0.254067 17.641760
0.266297 17.622646
0.266688 17.649322
0.271414 17.635986
0.271423 17.645473
0.296464 17.640900
0.320963 17.630051
0.331011 17.636290
0.348318 17.649620
0.385322 17.626439
0.386058 17.619100
0.407906 17.578410
0.434927 17.558022
0.441731 17.556474
0.458630 17.503178
0.484905 17.417939
0.503939 17.282190
0.521911 17.216968
0.579059 17.146574
0.606792 17.121772
0.638651 17.064441
0.651168 17.014232
0.656004 17.031643
0.688478 17.027373
0.715594 17.042439
0.732949 17.057658
0.767675 17.073715
0.790269 17.115665
0.792539 17.104702
0.809844 17.127723
0.865976 17.166431
0.869432 17.178684
0.904162 17.211932
0.941305 17.256864
0.946431 17.272813
1.002489 17.341139
1.117531 17.491645
1.144519 17.543517
1.177123 17.580651
1.178946 17.585931
1.194476 17.598740
