0.009830 18.558152
0.014478 18.557343
0.085057 18.632558
0.089772 18.645810
0.098482 18.670223
0.173277 18.713705
0.179291 18.800527
0.206710 18.788640
0.217503 18.748928
0.248506 18.810613
0.254548 18.805017
0.268840 18.797379
0.281935 18.856697
0.502421 18.868182
0.577648 18.390411
0.608002 17.899353
0.683228 17.943579
0.690158 17.956104
0.704678 17.975899
0.814365 18.280896
0.822089 18.279390
0.837669 18.302480
0.841499 18.311420
0.870426 18.367437
0.889594 18.395949
0.897318 18.390852
0.939280 18.467912
0.955791 18.529069
1.009830 18.558152
1.014478 18.557343
1.085057 18.632558
1.089772 18.645810
1.098482 18.670223
1.173277 18.713705
1.179291 18.800527
