0.015059 17.685863
0.099348 17.755238
0.110625 17.747544
0.131411 17.743822
0.157084 17.755868
0.193344 17.759551
0.215616 17.756496
0.218197 17.786886
0.226903 17.770256
0.228572 17.776709
0.282026 17.767076
0.305723 17.777039
0.323103 17.801127
0.344706 17.819778
0.381728 17.819346
0.398307 17.839262
0.433354 17.843748
0.433906 17.867588
0.439422 17.846918
0.459957 17.831839
0.487947 17.764236
0.498045 17.737376
0.532379 17.622678
0.549664 17.582222
0.550265 17.585829
0.582599 17.497145
0.628332 17.453749
0.648700 17.439433
0.694205 17.448324
0.709448 17.446903
0.810497 17.518796
0.916471 17.667320
0.941338 17.632201
1.015059 17.685863
1.099348 17.755238
1.110625 17.747544
1.131411 17.743822
1.157084 17.755868
1.193344 17.759551
