0.003774 17.652749
0.054191 17.689853
0.056489 17.664736
0.065712 17.728070
0.094796 17.731491
0.192945 17.789215
0.195240 17.789233
0.233547 17.781115
0.249506 17.824267
0.264060 17.816637
0.324435 17.837239
0.402812 17.992113
0.451491 17.875898
0.464760 17.986179
0.534687 17.548297
0.589245 17.300844
0.590320 17.204592
0.668825 17.170566
0.748942 17.375588
0.795036 17.428897
0.799718 17.438549
0.865018 17.498220
0.887696 17.541563
0.926959 17.564324
0.933737 17.602797
0.992998 17.607449
0.999097 17.652965
1.003774 17.652749
1.054191 17.689853
1.056489 17.664736
1.065712 17.728070
1.094796 17.731491
1.192945 17.789215
1.195240 17.789233
