0.043639 16.390182
0.045184 16.380630
0.075274 16.412432
0.077152 16.417996
0.078915 16.409331
0.086970 16.412817
0.154710 16.447005
0.156317 16.463679
0.188613 16.471890
0.232113 16.507552
0.259515 16.528146
0.266017 16.528672
0.271236 16.535705
0.369365 16.587848
0.374356 16.560068
0.412603 16.529911
0.416353 16.552154
0.479265 16.314986
0.490033 16.301177
0.493755 16.297825
0.532911 16.289554
0.553662 16.247282
0.586906 16.213890
0.783507 16.222745
0.860919 16.288917
0.926968 16.316628
0.941028 16.338475
0.966224 16.345100
0.997870 16.366893
0.999748 16.354907
1.043639 16.390182
1.045184 16.380630
1.075274 16.412432
1.077152 16.417996
1.078915 16.409331
1.086970 16.412817
1.154710 16.447005
1.156317 16.463679
1.188613 16.471890
