0.007851 15.581174
0.037244 15.600337
0.076073 15.620338
0.076826 15.622828
0.180676 15.661935
0.190384 15.658846
0.197157 15.663019
0.231958 15.671427
0.296026 15.690688
0.353027 15.715691
0.353321 15.711618
0.417094 15.721156
0.428482 15.715346
0.461420 15.670201
0.478593 15.646395
0.549548 15.482715
0.582438 15.452052
0.599673 15.429496
0.641190 15.397758
0.641200 15.392674
0.641538 15.416195
0.666780 15.398428
0.753256 15.445814
0.762254 15.443104
0.762265 15.445672
0.787861 15.459628
0.837718 15.485982
0.852257 15.500757
0.874365 15.516741
0.886785 15.517594
0.887878 15.518330
0.916068 15.532148
0.955762 15.569008
1.007851 15.581174
1.037244 15.600337
1.076073 15.620338
1.076826 15.622828
1.180676 15.661935
1.190384 15.658846
1.197157 15.663019
