0.024908 18.902290
0.025155 18.970957
0.032553 19.142265
0.046482 18.956224
0.106682 19.116924
0.110086 18.907319
0.175366 19.137172
0.204953 19.148705
0.256858 19.143764
0.260281 19.123815
0.271340 19.115430
0.295024 19.101801
0.298524 19.141159
0.379973 19.164785
0.421551 19.137071
0.448756 19.279435
0.517393 19.125870
0.530238 19.194603
0.667311 18.100241
0.667606 18.246976
0.779101 18.544024
0.882345 18.902032
0.896269 18.748134
1.024908 18.902290
1.025155 18.970957
1.032553 19.142265
1.046482 18.956224
1.106682 19.116924
1.110086 18.907319
1.175366 19.137172
