0.015305 18.613823
0.086908 18.619581
0.091731 18.637472
0.094428 18.629033
0.112534 18.646835
0.129043 18.660033
0.139385 18.656501
0.177142 18.670545
0.182641 18.673267
0.186961 18.685248
0.200419 18.697510
0.223767 18.673975
0.267556 18.680156
0.301218 18.703412
0.306721 18.696889
0.311056 18.692343
0.324545 18.684573
0.360075 18.751109
0.389750 18.779089
0.434734 18.799501
0.484165 18.731793
0.497284 18.683381
0.551499 18.446920
0.558817 18.394271
0.669405 18.279565
0.674965 18.290126
0.693112 18.302251
0.779537 18.395585
0.793576 18.425022
0.804304 18.415108
0.809252 18.440359
0.817145 18.429797
0.903629 18.491147
0.928349 18.507704
0.967654 18.566601
0.970338 18.547752
1.015305 18.613823
1.086908 18.619581
1.091731 18.637472
1.094428 18.629033
1.112534 18.646835
1.129043 18.660033
1.139385 18.656501
1.177142 18.670545
1.182641 18.673267
1.186961 18.685248
