0.039967 17.694280
0.083299 17.714591
0.129035 17.768089
0.129465 17.805415
0.146579 17.804997
0.174713 17.821917
0.250952 17.866710
0.279057 17.882134
0.305745 17.919528
0.355260 17.885686
0.383382 17.871512
0.425996 17.783228
0.459659 17.827369
0.460423 17.743749
0.487791 17.883170
0.490055 17.856122
0.558463 17.407233
0.592141 17.381102
0.592891 17.312091
0.594411 17.338248
0.608939 17.362076
0.698772 17.032011
0.729665 17.307346
0.741407 17.342007
0.757824 17.412686
0.803132 17.316762
0.814109 17.273811
0.862183 17.487794
0.904805 17.534119
0.907486 17.527748
0.935562 17.541444
0.937881 17.545247
0.996563 17.635251
1.039967 17.694280
1.083299 17.714591
1.129035 17.768089
1.129465 17.805415
1.146579 17.804997
1.174713 17.821917
