0.030654 15.907175
0.105769 15.971986
0.118521 15.967833
0.122424 15.955213
0.126723 15.982295
0.131831 15.980020
0.149909 15.990364
0.251370 16.016576
0.255378 16.018686
0.259668 16.017587
0.260286 16.015707
0.260738 16.020275
0.264728 16.037825
0.282900 16.031965
0.289660 16.015602
0.406173 16.094439
0.422415 16.091533
0.428238 16.114984
0.448298 16.148662
0.563836 15.684609
0.566709 15.659913
0.567930 15.666718
0.576770 15.634268
0.581237 15.602308
0.581249 15.610749
0.673005 15.445954
0.696826 15.475768
0.699654 15.470472
0.700880 15.500474
0.751295 15.576731
0.783722 15.635418
0.792519 15.640727
0.802032 15.637650
0.805958 15.651133
0.811284 15.659281
0.884236 15.752333
0.897706 15.764471
0.916663 15.784541
0.925476 15.798455
0.944186 15.813496
0.975764 15.858084
1.030654 15.907175
1.105769 15.971986
1.118521 15.967833
1.122424 15.955213
1.126723 15.982295
1.131831 15.980020
1.149909 15.990364
