0.012831 16.569119
0.016388 16.564756
0.031625 16.604500
0.050588 16.624688
0.055029 16.640094
0.093301 16.676766
0.139164 16.720236
0.148098 16.737808
0.213460 16.763453
0.252876 16.767865
0.310972 16.767781
0.318225 16.773957
0.369484 16.771816
0.383971 16.784114
0.401200 16.768640
0.415759 16.767678
0.425683 16.744951
0.432703 16.782164
0.442794 16.801175
0.460787 16.833567
0.465826 16.834568
0.480963 16.857420
0.481095 16.864538
0.504500 16.888295
0.532806 16.824785
0.538576 16.804093
0.546609 16.741664
0.588613 16.067508
0.605674 15.856661
0.623690 15.719580
0.628627 15.730975
0.709495 15.985953
0.760415 16.083693
0.760630 16.116319
0.803461 16.209393
0.820367 16.245760
0.849962 16.319982
0.892209 16.389283
0.966341 16.502509
0.976278 16.504817
0.976812 16.517128
1.012831 16.569119
1.016388 16.564756
1.031625 16.604500
1.050588 16.624688
1.055029 16.640094
1.093301 16.676766
1.139164 16.720236
1.148098 16.737808
