0.004549 17.423912
0.008616 17.414738
0.029387 17.444108
0.096223 17.525821
0.119205 17.544630
0.134246 17.582727
0.163013 17.586817
0.182610 17.618556
0.191688 17.626036
0.336277 17.616655
0.344431 17.644877
0.346131 17.636947
0.365169 17.643576
0.365169 17.643565
0.448349 17.642332
0.458507 17.670244
0.464365 17.682130
0.498829 17.727533
0.519963 17.741655
0.530519 17.742233
0.550099 17.604221
0.618746 16.680893
0.641109 16.667104
0.661904 16.688576
0.670302 16.695592
0.676832 16.706911
0.679047 16.735075
0.703764 16.788388
0.704486 16.823624
0.733199 16.916537
0.746533 16.927796
0.764221 16.986621
0.772051 16.995298
0.824264 17.115167
0.826014 17.134683
0.833442 17.168543
0.850109 17.189332
0.858153 17.195559
0.926433 17.297946
0.979855 17.391754
1.004549 17.423912
1.008616 17.414738
1.029387 17.444108
1.096223 17.525821
1.119205 17.544630
1.134246 17.582727
1.163013 17.586817
1.182610 17.618556
1.191688 17.626036
