0.025570 19.440889
0.046196 19.442660
0.051286 19.404232
0.084169 19.486073
0.090889 19.435987
0.104357 19.543423
0.152335 19.499704
0.200208 19.557806
0.215085 19.517934
0.224041 19.504340
0.274627 19.530500
0.286248 19.490811
0.292905 19.552865
0.352757 19.618813
0.390263 19.595370
0.402302 19.626241
0.442619 19.537877
0.495508 19.407801
0.531957 19.333360
0.554842 19.381843
0.592452 19.101173
0.669662 19.094579
0.671377 19.168966
0.697608 19.043179
0.734050 19.075431
0.754446 19.102660
0.823481 19.181832
0.844196 19.266110
0.849186 19.253895
0.871666 19.241360
0.923627 19.318579
0.983170 19.360985
1.025570 19.440889
1.046196 19.442660
1.051286 19.404232
1.084169 19.486073
1.090889 19.435987
1.104357 19.543423
1.152335 19.499704
