0.021294 18.957039
0.031753 18.951790
0.042066 18.922259
0.061487 18.922598
0.104609 18.986330
0.105570 18.929929
0.112857 18.952757
0.133570 18.937305
0.151126 18.916901
0.189636 18.960117
0.271547 18.976484
0.362643 18.911589
0.370501 19.027068
0.384182 18.954338
0.479535 18.960594
0.500626 19.003561
0.522153 18.968962
0.554903 18.971619
0.575648 18.777824
0.681012 18.791863
0.767523 18.533632
0.777148 18.573405
0.853863 18.903766
0.883319 18.867465
0.903665 18.789563
0.904084 18.905792
0.966639 19.004176
0.987476 18.826286
1.021294 18.957039
1.031753 18.951790
1.042066 18.922259
1.061487 18.922598
1.104609 18.986330
1.105570 18.929929
1.112857 18.952757
1.133570 18.937305
1.151126 18.916901
1.189636 18.960117
