0.070623 17.095859
0.088590 17.073317
0.092160 17.111251
0.094768 17.137750
0.143179 17.121113
0.171340 17.178852
0.189730 17.189599
0.217278 17.135186
0.223450 17.193797
0.271869 17.170809
0.300020 17.218737
0.346203 17.177885
0.396234 17.215262
0.438783 17.263558
0.567415 16.871774
0.606318 16.700429
0.652608 16.654392
0.661921 16.594480
0.735001 16.642521
0.739669 16.742035
0.778595 16.810262
0.782274 16.805134
0.787683 16.826292
0.817147 16.841484
0.831223 16.837553
0.868348 16.897105
0.873757 16.913457
0.907335 16.934858
0.916325 16.967581
0.920984 16.940093
0.941945 16.926449
0.958928 16.987506
0.963126 17.056685
0.968224 16.998220
1.070623 17.095859
1.088590 17.073317
1.092160 17.111251
1.094768 17.137750
1.143179 17.121113
1.171340 17.178852
1.189730 17.189599
