0.019666 19.623909
0.070427 19.660138
0.089201 19.495354
0.099378 19.670899
0.103333 19.758869
0.131455 19.532138
0.197029 19.677944
0.203907 19.788495
0.255237 19.751694
0.256355 19.784902
0.323284 19.765747
0.375744 19.698193
0.383552 19.650040
0.397206 19.783481
0.402259 19.707244
0.481197 19.668455
0.502940 19.620341
0.532138 19.459607
0.600580 19.652314
0.651517 19.426989
0.673998 19.388539
0.680408 19.367935
0.727900 19.553599
0.785807 19.371211
0.793387 19.404847
0.799792 19.375293
0.847286 19.535415
0.900288 19.540647
0.905184 19.394590
0.979993 19.674266
1.019666 19.623909
1.070427 19.660138
1.089201 19.495354
1.099378 19.670899
1.103333 19.758869
1.131455 19.532138
1.197029 19.677944
