0.000170 16.245366
0.002456 16.207694
0.086342 16.312888
0.121543 16.355654
0.203577 16.364284
0.219142 16.357097
0.248482 16.381972
0.274448 16.377025
0.318547 16.380717
0.345958 16.367165
0.347581 16.382553
0.391757 16.389090
0.445531 16.483784
0.452093 16.485281
0.472951 16.513704
0.494686 16.499643
0.525848 16.329428
0.574632 15.990468
0.596485 15.871578
0.615456 15.814861
0.621671 15.736027
0.700177 15.790564
0.742449 15.870062
0.784081 15.996524
0.934214 16.167572
1.000170 16.245366
1.002456 16.207694
1.086342 16.312888
1.121543 16.355654
