0.040619 15.862901
0.142607 15.898845
0.152186 15.908121
0.158468 15.905628
0.240532 15.938739
0.248259 15.941858
0.250108 15.941397
0.283202 15.953499
0.346187 15.976864
0.381162 15.989522
0.466884 15.904001
0.573202 15.723386
0.588473 15.707514
0.659255 15.671206
0.671129 15.675955
0.682896 15.676696
0.772683 15.726991
0.794906 15.733355
0.816118 15.738313
0.879034 15.774028
0.914044 15.790146
0.942694 15.815372
0.966214 15.826013
1.040619 15.862901
1.142607 15.898845
1.152186 15.908121
1.158468 15.905628
