0.044392 17.675214
0.051560 17.696996
0.060684 17.688331
0.105702 17.743570
0.132262 17.692437
0.137324 17.746089
0.177962 17.747994
0.182712 17.800680
0.184295 17.821666
0.186693 17.814342
0.191468 17.734943
0.200594 17.731639
0.200784 17.686751
0.211003 17.738593
0.245610 17.753346
0.272106 17.719700
0.299750 17.745656
0.317848 17.759758
0.322350 17.829272
0.426911 17.800551
0.431655 17.627699
0.436034 17.727701
0.470344 17.764467
0.491809 17.746533
0.519759 17.710020
0.524436 17.641480
0.578631 17.423420
0.623891 17.511811
0.658949 17.222102
0.664397 17.324328
0.718487 17.379188
0.772681 17.430603
0.798908 17.381765
0.865958 17.493051
0.867757 17.520232
0.943270 17.610405
0.946778 17.610144
0.972072 17.594568
0.997416 17.652335
1.044392 17.675214
1.051560 17.696996
1.060684 17.688331
1.105702 17.743570
1.132262 17.692437
1.137324 17.746089
1.177962 17.747994
1.182712 17.800680
1.184295 17.821666
1.186693 17.814342
1.191468 17.734943
