0.014734 17.714317
0.058868 17.771739
0.086419 17.771074
0.113968 17.824209
0.131127 17.739888
0.138015 17.764998
0.141516 17.826526
0.148630 17.808866
0.174317 17.868467
0.183264 17.809697
0.210860 17.842432
0.235043 17.855077
0.238411 17.954036
0.265960 17.827555
0.299036 17.840061
0.300615 17.870203
0.438965 17.859269
0.497780 17.745918
0.543897 17.648879
0.545092 17.733349
0.548160 17.769649
0.562466 17.740411
0.572644 17.516719
0.600136 17.247225
0.627742 17.109196
0.630470 17.049824
0.652958 16.912569
0.655289 17.122253
0.669530 17.076192
0.677299 17.000754
0.697084 17.123331
0.714281 16.990985
0.724578 17.196234
0.734744 17.070213
0.752186 17.260664
0.779734 17.307202
0.829270 17.329037
0.851361 17.389371
0.873259 17.423560
0.886704 17.462926
0.956286 17.529615
0.979143 17.612511
1.014734 17.714317
1.058868 17.771739
1.086419 17.771074
1.113968 17.824209
1.131127 17.739888
1.138015 17.764998
1.141516 17.826526
1.148630 17.808866
1.174317 17.868467
1.183264 17.809697
