0.035671 14.674973
0.073662 14.656241
0.089793 14.715197
0.133157 14.681870
0.140322 14.672360
0.176468 14.679057
0.207891 14.721776
0.218546 14.724718
0.258924 14.732104
0.312680 14.751363
0.353040 14.738102
0.356271 14.732301
0.360217 14.788252
0.390703 14.757994
0.532384 14.571625
0.571196 14.323245
0.572120 14.389201
0.582897 14.401063
0.586256 14.324731
0.611220 14.252095
0.653277 14.265996
0.653289 14.214733
0.668729 14.349977
0.744284 14.431751
0.747843 14.374151
0.825440 14.393629
0.901441 14.552424
0.946475 14.513030
0.960926 14.569723
0.980971 14.627215
1.035671 14.674973
1.073662 14.656241
1.089793 14.715197
1.133157 14.681870
1.140322 14.672360
1.176468 14.679057
