0.003346 16.204347
0.015153 16.160727
0.024641 16.231818
0.059533 16.242022
0.106326 16.176056
0.119080 16.313198
0.137062 16.314188
0.153293 16.250467
0.157214 16.268962
0.158349 16.321405
0.185818 16.265786
0.287006 16.286055
0.298025 16.298935
0.309903 16.287021
0.321809 16.277469
0.329301 16.252260
0.434426 16.250836
0.443612 16.276065
0.490886 16.136620
0.503251 16.313324
0.548075 16.196820
0.624593 15.988986
0.752702 15.746390
0.866344 16.163896
0.881439 16.029621
0.985424 16.211463
1.003346 16.204347
1.015153 16.160727
1.024641 16.231818
1.059533 16.242022
1.106326 16.176056
1.119080 16.313198
1.137062 16.314188
1.153293 16.250467
1.157214 16.268962
1.158349 16.321405
1.185818 16.265786
