0.024520 17.372528
0.072646 17.477702
0.109790 17.327453
0.160300 17.447255
0.239564 17.442863
0.245521 17.440881
0.250482 17.440633
0.333420 17.581330
0.350670 17.467367
0.375291 17.453163
0.438551 17.577982
0.454968 17.454084
0.486397 17.559534
0.524521 17.426396
0.637470 16.887174
0.646731 16.701489
0.705164 16.973181
0.713463 16.702913
0.741247 16.701671
0.773216 17.128467
0.840891 17.161288
0.844504 17.174997
0.848831 17.120010
0.876975 17.038503
0.984562 17.299349
0.999289 17.301075
1.024520 17.372528
1.072646 17.477702
1.109790 17.327453
1.160300 17.447255
