0.106930 16.362764
0.155294 16.373493
0.166022 16.427358
0.189112 16.367034
0.222612 16.402517
0.227088 16.314336
0.259773 16.390144
0.298526 16.413241
0.309286 16.474475
0.332374 16.419103
0.333420 16.399246
0.403035 16.410026
0.405509 16.494411
0.430807 16.457291
0.432270 16.364467
0.476637 16.517543
0.486604 16.398140
0.524382 16.096868
0.548771 15.849887
0.619900 15.656744
0.629865 15.704598
0.644033 15.852287
0.688530 15.597462
0.697162 15.598663
0.775994 15.650799
0.829703 15.908533
0.831795 15.868504
0.901692 15.707706
0.919255 15.858053
0.976360 16.295679
1.106930 16.362764
1.155294 16.373493
1.166022 16.427358
1.189112 16.367034
