0.019849 19.375746
0.092457 19.390887
0.114152 19.404563
0.181709 19.540534
0.183950 19.485005
0.207613 19.390474
0.212890 19.527089
0.252136 19.458751
0.287520 19.445430
0.296862 19.588731
0.317326 19.494825
0.452282 19.557924
0.627840 18.838414
0.693516 18.924695
0.751730 18.878772
0.774799 18.996214
0.776485 19.041727
0.853276 19.200129
0.889990 19.182584
0.895894 19.188161
0.899684 19.245862
0.904698 19.253787
0.938788 19.141999
0.951919 19.212804
1.019849 19.375746
1.092457 19.390887
1.114152 19.404563
1.181709 19.540534
1.183950 19.485005
