0.002802 17.750283
0.009116 17.767949
0.050197 17.807800
0.056659 17.819285
0.086537 17.847386
0.112214 17.860708
0.189715 17.871184
0.219553 17.883782
0.234461 17.908858
0.237420 17.897778
0.333356 17.911462
0.352711 17.926335
0.392053 17.947213
0.435468 17.988739
0.436145 17.972653
0.452614 18.000779
0.452954 17.993961
0.460460 17.939852
0.515885 17.878039
0.525118 17.821940
0.554120 17.579190
0.593518 17.203436
0.648936 17.123901
0.668382 17.224404
0.669022 17.298286
0.669426 17.278222
0.743145 17.359492
0.743337 17.368170
0.869802 17.593873
0.876387 17.580053
1.002802 17.750283
1.009116 17.767949
1.050197 17.807800
1.056659 17.819285
1.086537 17.847386
1.112214 17.860708
1.189715 17.871184
