0.001142 18.752599
0.029645 18.779480
0.046135 18.751262
0.116211 18.705696
0.121860 18.853843
0.135763 18.642218
0.154098 18.797439
0.310714 18.864252
0.313847 18.860342
0.360204 19.029924
0.418743 18.932780
0.470497 18.836821
0.508502 18.537922
0.516800 18.984521
0.525396 18.930750
0.575362 18.489637
0.592525 18.279737
0.665158 18.323544
0.682048 18.165080
0.684624 17.991696
0.749059 18.343120
0.800700 18.332251
0.841217 18.382483
0.844550 18.595731
0.873026 18.564919
0.889541 18.482785
1.001142 18.752599
1.029645 18.779480
1.046135 18.751262
1.116211 18.705696
1.121860 18.853843
1.135763 18.642218
1.154098 18.797439
