0.061274 17.574249
0.172914 17.683978
0.203746 17.701029
0.214016 17.653733
0.249826 17.708169
0.285788 17.704125
0.304587 17.689452
0.310307 17.699148
0.315331 17.685987
0.341819 17.692903
0.392265 17.677314
0.400897 17.669122
0.414227 17.662425
0.416000 17.665306
0.417065 17.656505
0.447057 17.693762
0.452852 17.721406
0.489540 17.793043
0.559536 17.483155
0.654504 16.808446
0.739906 17.067311
0.767382 17.123452
0.791041 17.166653
0.792018 17.183228
0.828706 17.244901
0.833789 17.265591
0.909855 17.382612
0.971195 17.459687
1.061274 17.574249
1.172914 17.683978
