0.001869 16.896051
0.014256 16.908387
0.025094 16.917090
0.041506 16.932731
0.086408 16.962313
0.087279 16.955601
0.111440 16.983002
0.115149 16.990620
0.138434 16.993561
0.200559 17.023122
0.224735 17.022962
0.235990 17.048567
0.261565 17.005992
0.288638 17.030011
0.321436 17.039357
0.328552 17.016772
0.349313 17.047881
0.374841 17.099412
0.384788 17.075812
0.401935 17.107527
0.441874 17.145935
0.470154 17.157963
0.494411 17.112040
0.498068 17.110277
0.583477 16.564952
0.607706 16.436725
0.618908 16.416033
0.631286 16.398310
0.658592 16.417146
0.704358 16.522218
0.711513 16.561106
0.716124 16.553057
0.744538 16.592500
0.755462 16.605644
0.767708 16.626888
0.817176 16.695844
0.817639 16.691969
0.824794 16.714840
0.853072 16.723215
0.877383 16.784580
0.930454 16.818353
0.973110 16.866508
1.001869 16.896051
1.014256 16.908387
1.025094 16.917090
1.041506 16.932731
1.086408 16.962313
1.087279 16.955601
1.111440 16.983002
1.115149 16.990620
1.138434 16.993561
