0.014115 17.385801
0.020092 17.335929
0.041374 17.426320
0.048993 17.383038
0.112089 17.436699
0.114526 17.450024
0.174514 17.509681
0.179935 17.547261
0.229888 17.479431
0.250831 17.533910
0.368473 17.512430
0.391675 17.539182
0.441957 17.539812
0.580488 17.208878
0.690218 16.881254
0.817378 17.132154
0.910356 17.294480
0.955966 17.333657
0.975964 17.319692
1.014115 17.385801
1.020092 17.335929
1.041374 17.426320
1.048993 17.383038
1.112089 17.436699
1.114526 17.450024
1.174514 17.509681
1.179935 17.547261
