0.024058 18.876353
0.089589 18.947557
0.105067 18.948578
0.129747 18.918963
0.147556 19.021025
0.165771 18.943676
0.204014 19.068455
0.273985 19.080239
0.279127 19.048549
0.289251 18.948077
0.419120 19.094985
0.424611 19.078243
0.547903 18.922583
0.556874 18.779323
0.562900 18.730671
0.598343 18.425355
0.721812 18.426370
0.733101 18.550418
0.835832 18.719116
0.836522 18.758776
0.842006 18.715037
0.856584 18.719178
0.966108 18.826996
0.981571 18.820745
1.024058 18.876353
1.089589 18.947557
1.105067 18.948578
1.129747 18.918963
1.147556 19.021025
1.165771 18.943676
