0.036561 16.483902
0.078532 16.504106
0.089471 16.524095
0.154282 16.566071
0.196251 16.567305
0.208077 16.561996
0.242589 16.552119
0.257671 16.570451
0.278509 16.586562
0.325796 16.616130
0.360306 16.614891
0.396229 16.683716
0.511750 16.475443
0.553491 16.279788
0.638637 16.181442
0.640509 16.179591
0.685985 16.213980
0.750057 16.280161
0.756355 16.273294
0.758229 16.281896
0.791952 16.313710
0.803720 16.306463
0.867746 16.379970
0.885975 16.376110
0.927875 16.414479
0.964321 16.435849
0.970308 16.445109
0.971800 16.432978
1.036561 16.483902
1.078532 16.504106
1.089471 16.524095
1.154282 16.566071
1.196251 16.567305
