0.008666 16.988470
0.081120 17.040863
0.119075 17.081212
0.146125 17.099709
0.168831 17.108082
0.205560 17.113504
0.270561 17.071553
0.293297 17.129435
0.304862 17.112158
0.310941 17.128549
0.429298 17.238397
0.435362 17.262183
0.456533 17.261485
0.504540 17.156077
0.566755 16.744598
0.623590 16.497640
0.628931 16.536431
0.725493 16.672398
0.756234 16.710970
0.819987 16.806312
0.849930 16.818801
0.880699 16.873097
0.919790 16.935259
0.925173 16.929282
0.987996 16.984278
1.008666 16.988470
1.081120 17.040863
1.119075 17.081212
1.146125 17.099709
1.168831 17.108082
