0.005796 17.999138
0.035483 17.949064
0.061028 17.993412
0.072282 18.002250
0.094300 18.030204
0.107300 18.056547
0.149531 18.081919
0.182900 18.105472
0.195796 18.100358
0.209540 18.085406
0.221301 18.065458
0.238089 18.117229
0.267982 18.108263
0.269833 18.108947
0.326648 18.112510
0.344224 18.132253
0.356466 18.107003
0.372958 18.097203
0.415256 18.079025
0.461517 18.160713
0.474371 18.189369
0.477880 18.185565
0.491261 18.206167
0.503807 18.205996
0.516753 18.227114
0.550023 18.031128
0.563030 17.850250
0.605305 17.361443
0.609207 17.357664
0.638677 17.249663
0.651573 17.283421
0.657339 17.338215
0.693810 17.392115
0.699107 17.453298
0.727171 17.502755
0.740072 17.511790
0.741368 17.558276
0.782369 17.619792
0.792153 17.647094
0.798770 17.662772
0.812205 17.678771
0.828666 17.686738
0.833974 17.682567
0.870978 17.756559
0.876205 17.764091
0.900649 17.796675
0.914910 17.822397
0.917237 17.811312
0.933655 17.815557
0.937447 17.856805
0.947039 17.836710
0.948982 17.846919
0.959532 17.845719
0.972480 17.865919
1.005796 17.999138
1.035483 17.949064
1.061028 17.993412
1.072282 18.002250
1.094300 18.030204
1.107300 18.056547
1.149531 18.081919
1.182900 18.105472
1.195796 18.100358
