0.012968 19.053565
0.052838 19.146690
0.057601 19.173875
0.065245 19.071955
0.079591 19.117347
0.123488 19.154310
0.147229 19.180023
0.176854 19.247251
0.181186 19.208113
0.183294 19.193292
0.188044 19.325696
0.189150 19.256543
0.253797 19.171252
0.267306 19.173961
0.277665 19.355631
0.307228 19.295191
0.311624 19.337933
0.334444 19.253338
0.375765 19.431304
0.390119 19.329280
0.397762 19.189959
0.437620 19.226125
0.464899 19.290233
0.493814 19.304658
0.524428 19.363438
0.616676 18.491866
0.654867 18.283177
0.730237 18.501400
0.735881 18.752247
0.742317 18.830804
0.747115 18.618356
0.748186 18.885011
0.826331 18.910683
0.835775 18.714539
0.866286 18.912681
0.878638 18.979732
0.882516 18.841631
0.934790 19.034356
0.956786 19.052935
0.996697 19.128996
1.012968 19.053565
1.052838 19.146690
1.057601 19.173875
1.065245 19.071955
1.079591 19.117347
1.123488 19.154310
1.147229 19.180023
1.176854 19.247251
1.181186 19.208113
1.183294 19.193292
1.188044 19.325696
1.189150 19.256543
