0.032120 14.611374
0.035938 14.614710
0.069322 14.621040
0.106833 14.656763
0.112598 14.671613
0.159043 14.694952
0.159133 14.678448
0.160097 14.704194
0.233331 14.753711
0.264041 14.776332
0.286596 14.776952
0.332243 14.761474
0.390534 14.835428
0.460682 14.928280
0.587698 14.130223
0.633359 13.918266
0.634116 13.940934
0.679226 13.968776
0.686429 14.023958
0.720677 14.070877
0.761777 14.193101
0.768203 14.173177
0.805727 14.250708
0.812935 14.284303
0.835963 14.336714
0.857919 14.371624
0.858033 14.372903
0.909457 14.471885
0.962456 14.526096
0.986094 14.560147
1.032120 14.611374
1.035938 14.614710
1.069322 14.621040
1.106833 14.656763
1.112598 14.671613
1.159043 14.694952
1.159133 14.678448
1.160097 14.704194
