0.008988 16.254365
0.011190 16.246326
0.023858 16.269450
0.026497 16.274762
0.031732 16.273552
0.076449 16.328334
0.084179 16.339737
0.089127 16.346497
0.097002 16.346124
0.099438 16.341302
0.104597 16.355089
0.149400 16.385422
0.151189 16.391155
0.169995 16.389880
0.195660 16.400443
0.199821 16.405621
0.214713 16.411644
0.222137 16.396985
0.235211 16.404854
0.242895 16.404712
0.246694 16.409507
0.254378 16.407199
0.283623 16.392130
0.289464 16.420139
0.294404 16.428259
0.300544 16.425961
0.333932 16.426440
0.338079 16.424986
0.352958 16.426211
0.385021 16.410372
0.418232 16.456294
0.421897 16.460684
0.428599 16.467010
0.441544 16.495241
0.476344 16.544844
0.478556 16.530556
0.493860 16.544942
0.499102 16.538586
0.543768 16.351411
0.556495 16.184869
0.564353 16.057612
0.609074 15.603324
0.629642 15.551074
0.632122 15.572955
0.637183 15.556866
0.692146 15.689905
0.702628 15.722271
0.767903 15.875966
0.775497 15.892799
0.783604 15.915617
0.830417 15.991350
0.885597 16.084319
0.921875 16.135618
0.950863 16.171427
0.952537 16.163727
0.961227 16.185783
1.008988 16.254365
1.011190 16.246326
1.023858 16.269450
1.026497 16.274762
1.031732 16.273552
1.076449 16.328334
1.084179 16.339737
1.089127 16.346497
1.097002 16.346124
1.099438 16.341302
1.104597 16.355089
1.149400 16.385422
1.151189 16.391155
1.169995 16.389880
1.195660 16.400443
1.199821 16.405621
