0.009389 18.098926
0.044411 18.121780
0.079434 18.183079
0.088545 18.187107
0.100339 18.240821
0.127459 18.268817
0.162486 18.289298
0.184221 18.307383
0.197508 18.337041
0.232531 18.357426
0.267560 18.375929
0.352969 18.327846
0.366063 18.371901
0.379358 18.306993
0.423672 18.306839
0.512974 18.307600
0.526900 18.359814
0.532449 18.257513
0.576849 17.807354
0.596947 17.572847
0.624091 17.370471
0.642280 17.378179
0.644973 17.343289
0.654135 17.283404
0.679939 17.434297
0.715019 17.529153
0.750044 17.624799
0.877435 17.899050
0.988552 18.072278
1.009389 18.098926
1.044411 18.121780
1.079434 18.183079
1.088545 18.187107
1.100339 18.240821
1.127459 18.268817
1.162486 18.289298
1.184221 18.307383
1.197508 18.337041
