0.003022 19.661663
0.044054 19.714449
0.085641 19.648205
0.091413 19.761774
0.097133 19.661744
0.108732 19.646510
0.149098 19.803994
0.150104 19.748451
0.191168 19.810968
0.209253 19.754167
0.296265 19.851059
0.305228 19.886557
0.321783 19.819502
0.363623 19.796539
0.366011 19.879553
0.441408 19.649618
0.447239 19.695126
0.453014 19.597160
0.458730 19.700426
0.464549 19.643367
0.500207 19.758384
0.510737 19.763103
0.513032 19.716279
0.582758 19.495970
0.588527 19.455511
0.600077 19.494512
0.605849 19.425164
0.611614 19.407619
0.655330 19.186847
0.712141 19.253716
0.739018 19.164310
0.795854 19.388802
0.799034 19.344179
0.859202 19.445451
0.932812 19.610351
0.944351 19.589004
0.950127 19.588540
0.955845 19.608850
0.961669 19.602843
0.971736 19.608976
1.003022 19.661663
1.044054 19.714449
1.085641 19.648205
1.091413 19.761774
1.097133 19.661744
1.108732 19.646510
1.149098 19.803994
1.150104 19.748451
1.191168 19.810968
