0.010268 19.596769
0.024062 19.587016
0.045402 19.561910
0.069799 19.581224
0.100873 19.632608
0.124678 19.586908
0.162217 19.697055
0.208252 19.659759
0.234602 19.614061
0.241451 19.672185
0.259376 19.685170
0.298600 19.768613
0.347788 19.675993
0.376101 19.675763
0.378825 19.662448
0.381575 19.714498
0.415390 19.665996
0.418791 19.658444
0.464577 19.868006
0.495598 19.798987
0.629332 19.102129
0.813521 19.271788
0.823825 19.306707
0.839871 19.289258
0.861671 19.373129
0.940660 19.467495
0.978440 19.485026
0.984102 19.454623
0.986855 19.519921
1.010268 19.596769
1.024062 19.587016
1.045402 19.561910
1.069799 19.581224
1.100873 19.632608
1.124678 19.586908
1.162217 19.697055
