0.017254 17.967724
0.045734 18.002224
0.055639 18.049015
0.071427 18.052502
0.078790 18.115001
0.103303 18.077438
0.121224 18.127952
0.131729 18.090722
0.199315 18.085347
0.215193 18.126990
0.224991 18.214764
0.264959 18.145463
0.275440 18.148417
0.293147 18.141632
0.294277 18.142763
0.294555 18.148196
0.303880 18.157341
0.359380 18.149606
0.368726 18.229747
0.387811 18.317777
0.420837 18.275212
0.437987 18.295550
0.438264 18.307739
0.462634 18.339382
0.503090 18.063298
0.541492 17.823480
0.557212 17.694477
0.585698 17.576336
0.606344 17.362878
0.617514 17.429250
0.645051 17.488691
0.645949 17.456718
0.700978 17.686126
0.729409 17.735477
0.761226 17.683486
0.763556 17.633847
0.780055 17.721054
0.780348 17.690347
0.788758 17.760160
0.789604 17.732586
0.818105 17.762703
0.854581 17.831778
0.873597 17.853515
0.902020 17.921025
0.923992 17.866840
1.017254 17.967724
1.045734 18.002224
1.055639 18.049015
1.071427 18.052502
1.078790 18.115001
1.103303 18.077438
1.121224 18.127952
1.131729 18.090722
1.199315 18.085347
