0.016631 17.650509
0.020753 17.622641
0.047014 17.662805
0.049881 17.636974
0.075410 17.666316
0.082313 17.708646
0.113572 17.601431
0.163379 17.698016
0.179245 17.723467
0.196437 17.738592
0.196661 17.718559
0.229937 17.766629
0.295611 17.804509
0.312820 17.745068
0.343427 17.781259
0.364046 17.805393
0.376690 17.816891
0.409975 17.829407
0.411269 17.740924
0.440361 17.824425
0.443236 17.826382
0.453743 17.798277
0.480384 17.722777
0.484488 17.697139
0.556682 17.472693
0.570107 17.421326
0.572596 17.420707
0.594535 17.372040
0.600916 17.364131
0.601226 17.379457
0.620414 17.364291
0.622927 17.336976
0.623285 17.287395
0.688253 17.377914
0.688918 17.398511
0.717593 17.389703
0.720089 17.328852
0.739290 17.429873
0.757453 17.446863
0.770012 17.458090
0.803318 17.487202
0.804618 17.476159
0.833710 17.519795
0.836544 17.409041
0.847068 17.512868
0.933513 17.590291
0.950076 17.593941
0.959027 17.605220
0.963412 17.598911
0.965947 17.604973
0.983346 17.623825
1.016631 17.650509
1.020753 17.622641
1.047014 17.662805
1.049881 17.636974
1.075410 17.666316
1.082313 17.708646
1.113572 17.601431
1.163379 17.698016
1.179245 17.723467
1.196437 17.738592
1.196661 17.718559
