0.012218 18.756526
0.026576 18.782527
0.027353 18.801272
0.030078 18.764480
0.055827 18.809524
0.072757 18.853678
0.075182 18.853710
0.120664 18.898191
0.123000 18.900890
0.170907 18.874543
0.177666 18.930317
0.213587 18.955881
0.215970 18.936732
0.261495 18.856038
0.263750 18.942209
0.278889 18.893447
0.311539 18.955213
0.314067 18.911511
0.318441 18.942584
0.341183 18.987836
0.347483 18.951690
0.350771 18.959601
0.361789 18.948513
0.382112 18.932355
0.391147 18.966786
0.407128 18.941934
0.454916 19.039923
0.482034 19.049198
0.488333 19.071358
0.491599 19.081161
0.502693 19.039177
0.506067 19.025462
0.522943 18.985173
0.551235 18.728986
0.596598 18.189996
0.596710 18.255974
0.599010 18.114310
0.646951 18.075244
0.653707 18.074297
0.676608 18.158233
0.692086 18.228066
0.737452 18.344610
0.737510 18.329005
0.739805 18.331732
0.787644 18.428486
0.817435 18.528206
0.823593 18.496012
0.834857 18.499637
0.837957 18.537400
0.842450 18.544607
0.858210 18.548807
0.885724 18.599127
0.915031 18.530794
0.931023 18.642938
0.954933 18.652126
0.975762 18.731707
0.978753 18.733272
0.982169 18.726043
0.999038 18.732364
1.012218 18.756526
1.026576 18.782527
1.027353 18.801272
1.030078 18.764480
1.055827 18.809524
1.072757 18.853678
1.075182 18.853710
1.120664 18.898191
1.123000 18.900890
1.170907 18.874543
1.177666 18.930317
