0.050157 19.919209
0.105208 19.932513
0.115328 19.975931
0.230712 19.986111
0.356936 20.100761
0.447369 20.175099
0.456300 20.108338
0.494452 20.022015
0.511538 19.934627
0.552355 19.600103
0.573629 19.490502
0.582516 19.384419
0.620649 19.362271
0.637754 19.361096
0.648383 19.440926
0.657355 19.381818
0.678604 19.494913
0.804170 19.628318
0.811200 19.709328
0.847582 19.683241
0.874051 19.734276
0.880487 19.729144
0.922279 19.785547
0.923961 19.759911
0.930369 19.779797
0.978997 19.801068
0.989180 19.893881
1.050157 19.919209
1.105208 19.932513
1.115328 19.975931
