0.021824 17.384320
0.036837 17.361017
0.047714 17.371201
0.082460 17.413379
0.091282 17.333150
0.112205 17.384926
0.134544 17.512975
0.157872 17.411475
0.172891 17.421296
0.203543 17.438914
0.218572 17.456049
0.236149 17.452002
0.255582 17.518912
0.264235 17.467130
0.293929 17.462799
0.294771 17.440219
0.323981 17.445388
0.339607 17.490751
0.357169 17.551373
0.385270 17.544298
0.400259 17.528903
0.415761 17.461786
0.417988 17.601689
0.444961 17.470852
0.445969 17.580754
0.462239 17.415980
0.521340 17.449487
0.567004 17.090347
0.582031 17.145247
0.627705 16.947837
0.664421 17.118030
0.673324 16.997165
0.702989 16.976032
0.703910 16.997843
0.733107 16.958854
0.766250 17.154932
0.785394 16.996706
0.794406 17.134759
0.809400 17.151718
0.813540 17.087603
0.827069 17.194782
0.849162 17.109286
0.855101 17.220349
0.884787 17.198423
0.900786 17.273156
0.930474 17.265399
0.970264 17.220044
0.991169 17.305604
1.021824 17.384320
1.036837 17.361017
1.047714 17.371201
1.082460 17.413379
1.091282 17.333150
1.112205 17.384926
1.134544 17.512975
1.157872 17.411475
1.172891 17.421296
