0.016317 18.106403
0.018196 18.053313
0.094293 18.187478
0.094788 18.193773
0.151519 18.193759
0.193415 18.251301
0.241884 18.237498
0.326742 18.243363
0.369010 18.214733
0.375223 18.239234
0.419791 18.261115
0.436495 18.266899
0.490883 18.361702
0.502351 18.335087
0.522962 18.337341
0.569836 17.906988
0.624205 17.510590
0.644048 17.418946
0.737118 17.725698
0.742238 17.758628
0.746239 17.807316
0.777427 17.757822
0.817285 17.852700
0.820004 17.868405
0.870506 17.907762
0.873814 17.915007
0.876061 17.926254
0.960954 18.029039
1.016317 18.106403
1.018196 18.053313
1.094293 18.187478
1.094788 18.193773
1.151519 18.193759
1.193415 18.251301
