0.013580 16.233264
0.020429 16.240034
0.033703 16.244647
0.074844 16.268364
0.106390 16.287594
0.127943 16.308253
0.157952 16.302306
0.159842 16.309454
0.250724 16.337764
0.270797 16.342518
0.272688 16.342521
0.343493 16.390703
0.387899 16.417775
0.389776 16.421652
0.395057 16.421762
0.415161 16.420621
0.477879 16.297124
0.487836 16.258186
0.500683 16.221410
0.508272 16.193183
0.539402 16.121784
0.609150 16.046152
0.632168 16.003093
0.652206 16.003769
0.693433 16.029911
0.713508 16.046792
0.724899 16.048383
0.746492 16.074764
0.775897 16.094843
0.776504 16.084175
0.778385 16.094610
0.826336 16.130428
0.827203 16.126691
0.837787 16.135331
0.859294 16.154028
0.869280 16.145148
0.889348 16.158919
0.891233 16.164378
0.907602 16.171899
0.920856 16.185270
0.940033 16.197592
0.962041 16.202673
0.985573 16.228660
1.013580 16.233264
1.020429 16.240034
1.033703 16.244647
1.074844 16.268364
1.106390 16.287594
1.127943 16.308253
1.157952 16.302306
1.159842 16.309454
