0.002680 18.413038
0.047658 18.461139
0.059415 18.507651
0.084232 18.544514
0.114880 18.507587
0.133319 18.546578
0.134339 18.608017
0.156249 18.529238
0.187153 18.470497
0.190056 18.583772
0.200884 18.616719
0.250994 18.675189
0.263016 18.485702
0.317789 18.490301
0.331495 18.603942
0.363035 18.672349
0.368717 18.599130
0.381657 18.601674
0.425842 18.557368
0.448209 18.586294
0.489188 18.485309
0.510332 18.363807
0.628827 18.216670
0.692669 18.055328
0.736644 18.220326
0.759215 18.202103
0.759490 18.184753
0.773218 18.189433
0.809315 18.244927
0.821346 18.239914
0.823330 18.254304
0.889900 18.329960
0.952007 18.313523
1.002680 18.413038
1.047658 18.461139
1.059415 18.507651
1.084232 18.544514
1.114880 18.507587
1.133319 18.546578
1.134339 18.608017
1.156249 18.529238
1.187153 18.470497
1.190056 18.583772
