0.046132 16.229216
0.087696 16.120502
0.098840 16.267741
0.163225 16.256170
0.194033 16.331407
0.240853 16.312447
0.294959 16.340725
0.311211 16.324688
0.346953 16.437425
0.382511 16.380510
0.386888 16.282153
0.388779 16.334562
0.630661 15.802911
0.647069 15.700779
0.738995 15.641548
0.740813 15.571878
0.886922 15.915898
0.888743 15.911902
0.939790 16.059609
0.950937 16.099134
0.982473 16.075954
0.994930 16.266459
1.046132 16.229216
1.087696 16.120502
1.098840 16.267741
1.163225 16.256170
1.194033 16.331407
