0.034358 16.627947
0.068807 16.668174
0.282729 16.792531
0.325937 16.773140
0.360434 16.856907
0.405182 16.901261
0.433153 16.857576
0.448433 16.874604
0.469795 16.889796
0.564029 16.414513
0.572200 16.411423
0.592227 16.308802
0.644624 16.161039
0.740007 16.287926
0.767122 16.331020
0.847876 16.552390
0.851627 16.432335
0.855564 16.488008
0.867123 16.522834
0.883804 16.516916
0.946357 16.571374
0.970306 16.641152
0.974104 16.694289
0.978043 16.611650
0.989623 16.622923
1.034358 16.627947
1.068807 16.668174
