0.007365 19.568312
0.021995 19.575249
0.049533 19.635727
0.095499 19.595543
0.121413 19.650828
0.170083 19.718594
0.180433 19.784624
0.259115 19.729577
0.313782 19.706347
0.387249 19.724951
0.395349 19.734753
0.416139 19.776459
0.436367 19.778763
0.454766 19.802365
0.463915 19.836174
0.491827 19.729987
0.509819 19.657890
0.516020 19.640104
0.517935 19.695215
0.538679 19.470362
0.550909 19.416469
0.556912 19.393722
0.607624 19.253318
0.614417 19.242144
0.673450 19.295930
0.679500 19.222579
0.707042 19.252346
0.746512 19.491202
0.755707 19.372274
0.809726 19.409084
0.830520 19.469376
0.862852 19.478516
0.878247 19.466546
0.884775 19.466364
0.926945 19.526279
0.932314 19.489209
0.965286 19.534549
0.971295 19.474211
0.972931 19.502465
0.985442 19.534964
1.007365 19.568312
1.021995 19.575249
1.049533 19.635727
1.095499 19.595543
1.121413 19.650828
1.170083 19.718594
1.180433 19.784624
