0.050613 19.468724
0.076346 19.456077
0.127791 19.499719
0.130166 19.542785
0.150486 19.503874
0.225252 19.494581
0.243023 19.466736
0.261619 19.570672
0.264017 19.552314
0.347493 19.567574
0.351949 19.539851
0.359105 19.528963
0.369217 19.513175
0.376876 19.528227
0.426760 19.496886
0.474404 19.611389
0.474428 19.533063
0.481325 19.616817
0.503120 19.631886
0.541767 19.407286
0.608258 19.002218
0.675598 18.871605
0.677712 18.869089
0.688014 18.937271
0.790620 19.150030
0.792958 19.107019
0.804357 19.254425
0.811512 19.171024
0.821727 19.212346
0.916814 19.281867
0.942441 19.300997
0.994099 19.353810
1.050613 19.468724
1.076346 19.456077
1.127791 19.499719
1.130166 19.542785
1.150486 19.503874
