0.007708 16.024837
0.047711 16.037383
0.049061 16.064999
0.052225 16.065361
0.112034 16.066809
0.175008 16.146393
0.286543 16.161311
0.350690 16.240609
0.353860 16.241287
0.413222 16.308441
0.415675 16.307681
0.445022 16.350506
0.452627 16.359393
0.477411 16.330000
0.480582 16.325137
0.497139 16.234050
0.542377 15.928627
0.623864 15.407541
0.643418 15.394652
0.689618 15.427090
0.714807 15.554413
0.744462 15.592833
0.746609 15.644970
0.750146 15.667410
0.779042 15.726222
0.782214 15.741492
0.843968 15.806549
0.880984 15.876444
0.905716 15.931111
0.908935 15.930902
0.925502 15.961071
0.970672 15.977765
0.985330 15.959241
1.007708 16.024837
1.047711 16.037383
1.049061 16.064999
1.052225 16.065361
1.112034 16.066809
1.175008 16.146393
