0.029337 16.847344
0.037536 16.844441
0.091125 16.878893
0.122160 16.887770
0.154604 16.917754
0.157043 16.915013
0.163328 16.917140
0.176409 16.915215
0.255750 16.931005
0.274080 16.912665
0.282880 16.926961
0.298825 16.926629
0.313911 16.935273
0.334528 16.949769
0.375286 16.991666
0.375697 16.982999
0.390585 17.006194
0.418380 17.026842
0.433465 17.037295
0.441661 17.033844
0.460937 17.035817
0.495252 16.909393
0.510152 16.838325
0.567449 16.628778
0.645856 16.536442
0.659817 16.539155
0.662064 16.545058
0.666384 16.553859
0.670438 16.537665
0.687001 16.568096
0.702952 16.596160
0.718037 16.601386
0.759210 16.642504
0.779356 16.658293
0.779827 16.658178
0.785939 16.676308
0.789974 16.666884
0.822505 16.692056
0.899382 16.749481
0.955333 16.799800
0.971526 16.803237
1.029337 16.847344
1.037536 16.844441
1.091125 16.878893
1.122160 16.887770
1.154604 16.917754
1.157043 16.915013
1.163328 16.917140
1.176409 16.915215
