0.021921 15.947543
0.055964 15.961975
0.071658 15.983086
0.082602 16.001100
0.117786 16.027270
0.141521 16.036268
0.172468 16.034808
0.172919 16.085196
0.203616 16.021200
0.289446 16.052122
0.320598 16.021959
0.335384 16.055690
0.349927 16.057169
0.361032 16.060655
0.363478 16.082481
0.401189 16.111148
0.417203 16.128059
0.451304 16.162796
0.452339 16.193496
0.489939 16.091519
0.518147 15.986869
0.534142 15.870711
0.544692 15.796853
0.553539 15.795105
0.567838 15.753262
0.568260 15.768042
0.606898 15.604608
0.661650 15.623807
0.668518 15.620388
0.670519 15.611338
0.684796 15.634696
0.687300 15.638072
0.745297 15.707562
0.785474 15.760357
0.812491 15.779574
0.846648 15.804867
0.847677 15.821658
0.892116 15.849792
0.929431 15.864417
0.939996 15.889952
0.954730 15.898192
0.965735 15.906477
1.021921 15.947543
1.055964 15.961975
1.071658 15.983086
1.082602 16.001100
1.117786 16.027270
1.141521 16.036268
1.172468 16.034808
1.172919 16.085196
