0.019741 17.418529
0.071118 17.449919
0.087360 17.490239
0.089708 17.452309
0.130561 17.486270
0.139201 17.478139
0.202380 17.537714
0.204712 17.517716
0.254249 17.545655
0.271591 17.549339
0.293524 17.544686
0.314138 17.567803
0.317889 17.561425
0.345400 17.585132
0.381458 17.611637
0.386611 17.653764
0.408500 17.656539
0.429162 17.682585
0.446815 17.671511
0.460464 17.673716
0.462168 17.693142
0.527993 17.438812
0.642999 16.924380
0.648288 16.907659
0.655192 16.939975
0.682279 17.007990
0.734247 17.079152
0.763247 17.107244
0.770255 17.136277
0.797342 17.177920
0.845940 17.284005
0.849269 17.238687
0.871685 17.300973
0.882786 17.303995
0.956647 17.345996
0.960961 17.395453
0.997808 17.407384
1.019741 17.418529
1.071118 17.449919
1.087360 17.490239
1.089708 17.452309
1.130561 17.486270
1.139201 17.478139
