0.001324 17.494991
0.031665 17.545053
0.047825 17.599797
0.052872 17.545732
0.059413 17.558357
0.110888 17.576429
0.180770 17.615865
0.207978 17.614973
0.232269 17.621250
0.243293 17.630585
0.284288 17.647207
0.290289 17.629042
0.322704 17.648373
0.329375 17.593801
0.360166 17.682989
0.364704 17.672940
0.395630 17.726502
0.405452 17.690858
0.411623 17.722812
0.437381 17.769042
0.444082 17.762635
0.463177 17.749527
0.469690 17.745091
0.517008 17.560396
0.521189 17.517568
0.558780 17.326250
0.581678 17.257749
0.591070 17.182521
0.642570 17.118456
0.649053 17.130687
0.700588 17.167171
0.762431 17.283440
0.770469 17.278854
0.801572 17.323594
0.821922 17.332767
0.870637 17.395261
0.879990 17.387366
0.922951 17.428252
0.931491 17.442508
0.936253 17.471630
0.995331 17.499836
1.001324 17.494991
1.031665 17.545053
1.047825 17.599797
1.052872 17.545732
1.059413 17.558357
1.110888 17.576429
1.180770 17.615865
