0.000023 15.827446
0.006126 15.773717
0.020025 15.850812
0.021950 15.801979
0.078993 15.935297
0.081396 15.860656
0.090528 15.859846
0.109819 15.879781
0.119368 15.965520
0.134610 15.944722
0.153217 15.962416
0.170283 16.018566
0.205498 15.958237
0.229308 16.039310
0.231682 15.974952
0.269648 16.019962
0.284811 15.981182
0.339922 15.963805
0.347896 15.964508
0.354615 15.993431
0.357677 16.004924
0.363751 15.972465
0.467586 15.996496
0.498157 16.008956
0.508016 16.065950
0.514015 15.993081
0.568984 15.716603
0.611371 15.069713
0.697646 15.310860
0.713435 15.328657
0.719245 15.359890
0.761655 15.414838
0.839975 15.552426
0.847794 15.550120
0.855764 15.581036
0.888748 15.612144
0.940189 15.697995
0.940905 15.747386
0.959594 15.738615
1.000023 15.827446
1.006126 15.773717
1.020025 15.850812
1.021950 15.801979
1.078993 15.935297
1.081396 15.860656
1.090528 15.859846
1.109819 15.879781
1.119368 15.965520
1.134610 15.944722
1.153217 15.962416
1.170283 16.018566
