0.004123 17.017815
0.023267 17.014492
0.053278 17.061812
0.077928 17.078498
0.093862 17.085906
0.111188 17.093065
0.114115 17.090944
0.136367 17.118029
0.166380 17.125390
0.224287 17.168994
0.273300 17.199036
0.371709 17.224540
0.405576 17.272705
0.435550 17.317787
0.493499 17.312360
0.499591 17.316361
0.508633 17.244929
0.548694 16.840465
0.582523 16.483613
0.606601 16.364158
0.612701 16.362768
0.640959 16.392334
0.644215 16.418153
0.655668 16.442774
0.670959 16.467419
0.673172 16.475886
0.695623 16.523049
0.711494 16.572095
0.731807 16.598985
0.743587 16.620168
0.754059 16.646918
0.787888 16.712183
0.817905 16.757636
0.844864 16.800055
0.891004 16.876178
0.930963 16.934665
0.957089 16.961704
0.980703 16.990334
0.989447 17.008825
1.004123 17.017815
1.023267 17.014492
1.053278 17.061812
1.077928 17.078498
1.093862 17.085906
1.111188 17.093065
1.114115 17.090944
1.136367 17.118029
1.166380 17.125390
