0.001006 19.832526
0.006225 19.747168
0.014418 19.738173
0.019876 19.851725
0.061045 19.812518
0.087931 19.845398
0.096168 19.832364
0.121177 19.853204
0.177335 19.950631
0.200399 19.974000
0.214238 20.041440
0.241041 19.898490
0.249282 19.957996
0.274313 19.960306
0.378920 20.021990
0.382779 19.962755
0.417815 20.035990
0.502241 20.032871
0.570864 19.460172
0.578545 19.382438
0.605485 19.026975
0.712098 19.281119
0.723481 19.237040
0.731656 19.334090
0.747227 19.354387
0.846501 19.522186
0.848101 19.537132
0.865213 19.631794
0.866743 19.564531
0.900338 19.503360
0.999612 19.718704
1.001006 19.832526
1.006225 19.747168
1.014418 19.738173
1.019876 19.851725
1.061045 19.812518
1.087931 19.845398
1.096168 19.832364
1.121177 19.853204
1.177335 19.950631
