0.000866 17.670318
0.053163 17.670031
0.058215 17.610867
0.066536 17.721062
0.091532 17.735258
0.163058 17.810057
0.169455 17.814403
0.169748 17.767168
0.184536 17.802613
0.215331 17.831913
0.220411 17.767676
0.226977 17.897334
0.233480 17.853441
0.253726 17.825968
0.281064 17.817517
0.294647 17.859114
0.321099 17.839104
0.331918 17.855491
0.443256 17.732761
0.452607 17.884874
0.483266 17.786045
0.504172 17.645099
0.621564 17.219618
0.680714 17.111131
0.688151 17.073724
0.763450 17.044609
0.772921 17.169738
0.783736 17.228318
0.850317 17.347111
0.880095 17.439781
0.894937 17.553528
0.905078 17.388857
0.935091 17.496869
0.986755 17.630338
1.000866 17.670318
1.053163 17.670031
1.058215 17.610867
1.066536 17.721062
1.091532 17.735258
1.163058 17.810057
1.169455 17.814403
1.169748 17.767168
1.184536 17.802613
