0.016821 16.112736
0.021035 16.113305
0.024155 16.126307
0.055589 16.135212
0.055875 16.138682
0.079851 16.164419
0.103761 16.177443
0.127243 16.190212
0.130378 16.183373
0.161799 16.199577
0.168772 16.199373
0.176774 16.208464
0.269664 16.247150
0.282979 16.231910
0.347883 16.323667
0.356602 16.320639
0.361727 16.330483
0.375889 16.344402
0.421615 16.364455
0.444061 16.369493
0.454089 16.351835
0.462825 16.334921
0.544718 15.916584
0.614564 15.731387
0.694258 15.821954
0.696533 15.801840
0.720787 15.854032
0.780677 15.909124
0.800484 15.934785
0.803074 15.926060
0.808281 15.942718
0.864657 15.984966
0.910598 16.011712
0.970841 16.072873
0.973587 16.055439
1.016821 16.112736
1.021035 16.113305
1.024155 16.126307
1.055589 16.135212
1.055875 16.138682
1.079851 16.164419
1.103761 16.177443
1.127243 16.190212
1.130378 16.183373
1.161799 16.199577
1.168772 16.199373
1.176774 16.208464
