0.010639 15.395239
0.050932 15.417142
0.057504 15.418449
0.067503 15.429589
0.095359 15.450018
0.098156 15.449027
0.130573 15.467985
0.134801 15.476958
0.137167 15.486999
0.162396 15.518706
0.174174 15.483114
0.218542 15.572546
0.221357 15.555461
0.257982 15.567260
0.290425 15.563270
0.313266 15.530398
0.322435 15.608528
0.332370 15.584235
0.413624 15.685892
0.436444 15.656835
0.445614 15.643772
0.467414 15.685343
0.575143 14.872909
0.634537 14.765950
0.651118 14.784705
0.678971 14.761072
0.717438 14.885997
0.718410 14.911885
0.757735 15.009175
0.764256 15.050729
0.802151 15.050111
0.841593 15.143870
0.843961 15.163976
0.868348 15.204255
0.873982 15.194301
0.944276 15.295121
0.997179 15.370956
1.010639 15.395239
1.050932 15.417142
1.057504 15.418449
1.067503 15.429589
1.095359 15.450018
1.098156 15.449027
1.130573 15.467985
1.134801 15.476958
1.137167 15.486999
1.162396 15.518706
1.174174 15.483114
