0.066555 17.627663
0.068359 17.702327
0.072863 17.615849
0.127357 17.579398
0.142642 17.641879
0.203456 17.639664
0.265111 17.643394
0.325887 17.667109
0.401936 17.642354
0.471210 17.704602
0.594195 17.500113
0.687168 17.476024
0.719224 17.475053
0.721941 17.515236
0.759154 17.404723
0.798271 17.486532
0.870480 17.560797
0.874380 17.598213
0.917641 17.593161
0.936543 17.580319
0.938652 17.590825
0.944114 17.571907
0.996729 17.671288
1.066555 17.627663
1.068359 17.702327
1.072863 17.615849
1.127357 17.579398
1.142642 17.641879
