0.023971 14.390313
0.024615 14.379953
0.043411 14.394278
0.061941 14.425405
0.080941 14.437283
0.095220 14.434275
0.153435 14.466604
0.218138 14.491981
0.224684 14.500564
0.244809 14.489458
0.244890 14.489781
0.344767 14.520071
0.370116 14.536356
0.374308 14.541258
0.494975 14.568644
0.499126 14.556099
0.499566 14.527488
0.501758 14.473150
0.526252 14.390837
0.532793 14.425713
0.624421 13.858964
0.631251 13.930701
0.652886 13.879076
0.683191 13.954004
0.716401 14.061771
0.737138 14.049959
0.779911 14.142976
0.785520 14.157810
0.807211 14.150742
0.914984 14.292034
0.932493 14.299180
0.936743 14.297851
0.951495 14.325771
1.023971 14.390313
1.024615 14.379953
1.043411 14.394278
1.061941 14.425405
1.080941 14.437283
1.095220 14.434275
1.153435 14.466604
