0.022197 17.104314
0.041881 17.135974
0.069345 17.147627
0.086271 17.145758
0.149584 17.197268
0.174852 17.204819
0.180382 17.220749
0.196047 17.237436
0.201897 17.239990
0.216291 17.235560
0.218228 17.199514
0.279045 17.252356
0.296677 17.243959
0.326088 17.262861
0.327950 17.257317
0.388844 17.337008
0.393263 17.333997
0.401885 17.315651
0.441690 17.391143
0.463119 17.407392
0.517242 17.201037
0.557938 16.868292
0.587368 16.644884
0.589257 16.626288
0.596799 16.632183
0.663188 16.611525
0.697146 16.676929
0.706563 16.680039
0.776612 16.799339
0.778512 16.816684
0.888288 16.970249
0.912433 17.011540
0.959566 17.039453
0.970901 17.052129
1.022197 17.104314
1.041881 17.135974
1.069345 17.147627
1.086271 17.145758
1.149584 17.197268
1.174852 17.204819
1.180382 17.220749
1.196047 17.237436
