0.008813 17.955769
0.010838 17.960682
0.023733 17.955385
0.079309 17.995085
0.094552 17.998144
0.109521 18.009980
0.114743 18.012446
0.129905 18.031864
0.134777 18.047776
0.142837 18.042149
0.147657 18.029865
0.212315 18.069180
0.271471 18.074756
0.280887 18.079571
0.287180 18.120914
0.374390 18.154179
0.404655 18.177189
0.410584 18.207057
0.411147 18.220275
0.429948 18.217877
0.437963 18.221558
0.442740 18.216014
0.528628 17.943503
0.533858 17.876910
0.539750 17.845414
0.551447 17.749915
0.553935 17.764873
0.561949 17.727728
0.566494 17.721484
0.566757 17.703325
0.593714 17.548043
0.657845 17.554279
0.675435 17.557610
0.690512 17.577570
0.715719 17.623965
0.717636 17.622118
0.728440 17.637636
0.728647 17.645503
0.857070 17.805420
0.861839 17.815312
0.970562 17.919351
0.985597 17.922822
0.985807 17.929474
1.008813 17.955769
1.010838 17.960682
1.023733 17.955385
1.079309 17.995085
1.094552 17.998144
1.109521 18.009980
1.114743 18.012446
1.129905 18.031864
1.134777 18.047776
1.142837 18.042149
1.147657 18.029865
