0.001366 17.300583
0.012461 17.294778
0.024660 17.270907
0.049763 17.387462
0.150450 17.387070
0.213466 17.423299
0.220792 17.401514
0.265535 17.396487
0.273264 17.394677
0.336311 17.456122
0.343639 17.421572
0.345915 17.435344
0.388334 17.421168
0.442450 17.521921
0.468730 17.432061
0.486526 17.402554
0.586107 17.110865
0.639775 17.021095
0.670609 17.052846
0.728598 17.037633
0.851509 17.217904
0.857710 17.179530
0.858004 17.196240
0.878519 17.199763
0.901839 17.219659
0.930610 17.245744
0.980594 17.312501
0.981051 17.303289
1.001366 17.300583
1.012461 17.294778
1.024660 17.270907
1.049763 17.387462
1.150450 17.387070
