0.026252 17.568014
0.075545 17.624093
0.099323 17.627322
0.185606 17.668109
0.220488 17.679554
0.220613 17.683245
0.226583 17.671673
0.235657 17.668989
0.275620 17.674428
0.345706 17.658478
0.351920 17.679144
0.361317 17.673022
0.367175 17.705811
0.385685 17.702926
0.420963 17.733063
0.428093 17.738927
0.447581 17.765905
0.471369 17.754929
0.477237 17.759233
0.482595 17.740589
0.592603 17.267472
0.617317 17.184914
0.622883 17.175632
0.623291 17.185117
0.682906 17.205622
0.694236 17.219352
0.727366 17.271741
0.732946 17.303320
0.813565 17.379182
0.860083 17.422321
0.885238 17.439032
0.916205 17.475785
0.958509 17.529952
0.964640 17.508688
0.970130 17.508096
0.989315 17.532452
1.026252 17.568014
1.075545 17.624093
1.099323 17.627322
1.185606 17.668109
