0.055210 18.516191
0.100132 18.534770
0.135442 18.541682
0.139885 18.562793
0.158562 18.558896
0.247089 18.610037
0.251560 18.597856
0.270250 18.602696
0.344070 18.604574
0.347144 18.601951
0.365880 18.636747
0.373185 18.626736
0.381998 18.679298
0.458790 18.726503
0.477524 18.696579
0.484831 18.710248
0.493632 18.575085
0.555905 18.284033
0.564981 18.220531
0.662814 18.051509
0.676629 18.018627
0.724538 18.108449
0.731527 18.110931
0.759353 18.181945
0.784926 18.217001
0.808710 18.240527
0.836182 18.261998
0.870988 18.320791
0.874208 18.334402
0.892826 18.315193
0.920341 18.377317
0.988454 18.453393
1.055210 18.516191
1.100132 18.534770
1.135442 18.541682
1.139885 18.562793
1.158562 18.558896
