0.032954 14.679163
0.035628 14.666563
0.059465 14.711362
0.065787 14.724369
0.075284 14.740078
0.079741 14.739734
0.131715 14.804522
0.178462 14.836840
0.192685 14.833779
0.220799 14.838391
0.223847 14.834104
0.223922 14.836336
0.233684 14.838421
0.238143 14.836160
0.263475 14.838651
0.290095 14.838419
0.290542 14.843623
0.294742 14.834591
0.334374 14.854917
0.336865 14.859013
0.351022 14.855531
0.365653 14.860347
0.368695 14.861849
0.375141 14.856559
0.379181 14.863944
0.382274 14.854857
0.405205 14.847185
0.421930 14.857394
0.436469 14.882868
0.453155 14.908370
0.492768 14.958531
0.523945 14.939111
0.527094 14.907830
0.530358 14.890910
0.533540 14.874962
0.593983 14.062296
0.657256 13.841017
0.667082 13.875948
0.667511 13.896208
0.685486 13.938087
0.688507 13.926092
0.728112 14.059528
0.752364 14.139544
0.754722 14.155986
0.756239 14.160137
0.759340 14.150083
0.798956 14.255532
0.815654 14.299479
0.830122 14.333383
0.843882 14.369290
0.869791 14.405140
0.877250 14.415102
0.896777 14.469389
0.901036 14.470874
0.907331 14.489854
0.914623 14.495113
0.917765 14.493711
0.957350 14.547327
0.988578 14.598691
1.032954 14.679163
1.035628 14.666563
1.059465 14.711362
1.065787 14.724369
1.075284 14.740078
1.079741 14.739734
1.131715 14.804522
1.178462 14.836840
1.192685 14.833779
