0.020629 15.044875
0.082483 15.108982
0.089326 15.056911
0.158885 15.180638
0.162861 15.110785
0.173543 15.044350
0.300673 15.136210
0.303663 15.157331
0.330420 15.183340
0.465139 15.180138
0.488158 15.162524
0.516000 15.129657
0.546512 14.868763
0.572456 14.915490
0.596470 14.793992
0.621743 14.482396
0.632779 14.635305
0.655681 14.444255
0.714087 14.404099
0.737223 14.610847
0.747713 14.573824
0.764026 14.471171
0.766816 14.738861
0.811751 14.717559
0.895447 14.814379
0.904796 14.831055
0.914814 14.902048
0.934453 14.988149
0.979325 15.002667
1.020629 15.044875
1.082483 15.108982
1.089326 15.056911
1.158885 15.180638
1.162861 15.110785
1.173543 15.044350
