0.037491 17.772574
0.039305 17.782730
0.078604 17.778076
0.116348 17.848553
0.118157 17.839871
0.118831 17.781993
0.195211 17.846886
0.197011 17.876413
0.238170 17.851226
0.249451 17.920715
0.275929 17.915118
0.328053 17.906537
0.340358 17.884830
0.342220 17.900088
0.353663 17.925409
0.354794 17.930713
0.419212 17.972799
0.421082 17.970003
0.490426 17.977994
0.499878 17.954873
0.539236 17.717041
0.575083 17.389709
0.576919 17.404873
0.578731 17.437059
0.597641 17.173591
0.655779 17.055772
0.657584 17.051330
0.698798 17.222892
0.722071 17.207186
0.734669 17.331791
0.789283 17.304544
0.800930 17.395180
0.802787 17.391871
0.815360 17.432397
0.815834 17.478991
0.838612 17.535315
0.870226 17.492778
0.879785 17.549226
0.881652 17.552915
0.894229 17.512100
0.902994 17.527294
0.948249 17.577580
0.948846 17.628932
0.958638 17.692861
0.959332 17.617782
0.960511 17.670476
0.977384 17.703550
0.991185 17.698625
1.037491 17.772574
1.039305 17.782730
1.078604 17.778076
1.116348 17.848553
1.118157 17.839871
1.118831 17.781993
1.195211 17.846886
1.197011 17.876413
