0.024101 16.115273
0.072096 16.149166
0.120420 16.168628
0.197911 16.225533
0.246188 16.238989
0.305251 16.217384
0.312273 16.217750
0.445564 16.309137
0.480634 16.338359
0.497226 16.327112
0.524750 16.168124
0.545550 15.974294
0.562478 15.896719
0.571338 15.924002
0.571367 15.830632
0.598904 15.777327
0.606387 15.698631
0.622994 15.680024
0.671316 15.703259
0.695285 15.718972
0.697087 15.776269
0.772737 15.838732
0.821054 15.901442
0.922359 15.998223
0.976251 16.084944
1.024101 16.115273
1.072096 16.149166
1.120420 16.168628
1.197911 16.225533
