0.003575 19.113945
0.028510 19.030614
0.042559 19.130061
0.049084 19.107497
0.051794 19.081606
0.065401 19.117874
0.073517 19.153085
0.074629 19.133846
0.119036 19.142714
0.136867 19.139891
0.144514 19.188414
0.162402 19.149913
0.171648 19.122981
0.185450 19.119668
0.193360 19.181616
0.212340 19.186875
0.232304 19.196187
0.257862 19.215326
0.264405 19.244414
0.288843 19.180520
0.305304 19.172857
0.332184 19.181762
0.334345 19.172116
0.350682 19.228740
0.352182 19.205327
0.388723 19.229155
0.402116 19.271598
0.422133 19.208579
0.447661 19.214395
0.451393 19.226059
0.454189 19.275088
0.478621 19.239015
0.479744 19.239200
0.508566 19.106043
0.524138 19.144485
0.534826 19.059309
0.541978 18.989433
0.549670 18.994763
0.598465 18.847414
0.617411 18.803964
0.637455 18.809615
0.669470 18.778317
0.689972 18.927343
0.731753 18.831442
0.736642 18.962778
0.737289 18.902608
0.744940 19.002205
0.757299 18.880012
0.788257 18.926089
0.793876 18.934248
0.807230 19.016952
0.809811 18.961321
0.827242 18.971978
0.852762 18.971536
0.864759 19.064013
0.869820 19.019107
0.872410 18.969807
0.883730 19.027451
0.913721 18.987127
0.927075 19.067639
0.929241 19.019163
0.947041 19.069855
0.954783 19.076602
0.983668 19.066778
0.989673 19.064158
0.992207 19.039114
1.003575 19.113945
1.028510 19.030614
1.042559 19.130061
1.049084 19.107497
1.051794 19.081606
1.065401 19.117874
1.073517 19.153085
1.074629 19.133846
1.119036 19.142714
1.136867 19.139891
1.144514 19.188414
1.162402 19.149913
1.171648 19.122981
1.185450 19.119668
1.193360 19.181616
