0.052198 18.703454
0.080323 18.690254
0.085916 18.702869
0.087907 18.730500
0.089492 18.768931
0.105105 18.721359
0.117844 18.746498
0.120800 18.703585
0.140105 18.737151
0.152626 18.698632
0.191287 18.736432
0.199576 18.697279
0.248345 18.782672
0.254957 18.747598
0.271874 18.713156
0.274094 18.743607
0.293955 18.800599
0.297255 18.795957
0.336057 18.769479
0.343704 18.758702
0.367642 18.766647
0.371719 18.754337
0.393350 18.763793
0.404677 18.774002
0.413217 18.760287
0.437024 18.770769
0.455312 18.743803
0.491019 18.776142
0.540193 18.540232
0.561421 18.481186
0.565547 18.440934
0.595481 18.460549
0.626281 18.484529
0.649089 18.464090
0.677166 18.467620
0.714733 18.393599
0.774879 18.479379
0.781925 18.539772
0.788222 18.509383
0.796421 18.539656
0.824069 18.492110
0.845280 18.513862
0.894135 18.557783
0.907439 18.583984
0.932944 18.669061
0.964489 18.621343
0.966667 18.557858
0.971074 18.615644
0.998590 18.628394
1.052198 18.703454
1.080323 18.690254
1.085916 18.702869
1.087907 18.730500
1.089492 18.768931
1.105105 18.721359
1.117844 18.746498
1.120800 18.703585
1.140105 18.737151
1.152626 18.698632
1.191287 18.736432
1.199576 18.697279
