0.058132 16.594054
0.078493 16.640174
0.079927 16.629243
0.120761 16.686455
0.125649 16.677907
0.171673 16.709112
0.189255 16.712375
0.220243 16.720614
0.234005 16.726529
0.251945 16.720720
0.302794 16.724624
0.347552 16.749145
0.392113 16.707697
0.524848 16.835798
0.531261 16.824356
0.532339 16.835271
0.546105 16.789267
0.556315 16.703930
0.614901 16.033461
0.655968 15.925823
0.659617 15.944152
0.675987 15.999500
0.720988 16.112346
0.745973 16.164827
0.772312 16.204970
0.790731 16.250350
0.807103 16.281422
0.837610 16.326062
0.859570 16.361497
0.868450 16.366160
0.881873 16.379196
0.968677 16.502820
1.058132 16.594054
1.078493 16.640174
1.079927 16.629243
1.120761 16.686455
1.125649 16.677907
1.171673 16.709112
1.189255 16.712375
