0.006135 17.533601
0.042223 17.603905
0.063745 17.594227
0.095712 17.535197
0.117627 17.636592
0.126854 17.662205
0.136430 17.690026
0.140802 17.679192
0.176891 17.717768
0.185501 17.711466
0.215174 17.738334
0.218449 17.714075
0.226013 17.738876
0.237973 17.759694
0.252282 17.740835
0.294702 17.754090
0.320169 17.743711
0.360678 17.759197
0.371764 17.735341
0.384289 17.733732
0.407729 17.757504
0.429366 17.776754
0.434270 17.781874
0.461345 17.752313
0.497443 17.764115
0.518955 17.762983
0.550925 17.472942
0.555763 17.460808
0.568942 17.261275
0.572817 17.272133
0.591645 17.022962
0.595003 16.988549
0.596011 17.047197
0.632114 16.807948
0.640715 16.808656
0.681219 16.927275
0.702871 17.014084
0.707462 16.964132
0.713445 17.002095
0.726314 17.030797
0.729659 17.006450
0.775380 17.142008
0.793379 17.170458
0.815885 17.210069
0.826975 17.237767
0.837543 17.277000
0.839498 17.261540
0.842049 17.261760
0.869356 17.345767
0.916554 17.370679
0.974163 17.487164
0.976651 17.481988
0.992182 17.501234
1.006135 17.533601
1.042223 17.603905
1.063745 17.594227
1.095712 17.535197
1.117627 17.636592
1.126854 17.662205
1.136430 17.690026
1.140802 17.679192
1.176891 17.717768
1.185501 17.711466
