0.031789 17.764844
0.038094 17.776893
0.085905 17.825288
0.106028 17.846894
0.138631 17.875585
0.172781 17.900766
0.178242 17.900944
0.186314 17.932585
0.192566 17.902969
0.225128 17.961201
0.230964 17.898546
0.327245 17.920278
0.335340 17.952484
0.341166 17.906751
0.407477 17.911202
0.440458 17.977100
0.553990 17.685638
0.561931 17.585021
0.567325 17.525155
0.594854 17.248723
0.656105 17.028748
0.658463 17.011816
0.666583 17.002947
0.703000 17.109385
0.708459 17.145485
0.724312 17.228991
0.748718 17.270678
0.804182 17.419579
0.810512 17.430467
0.857403 17.513529
0.903171 17.576463
0.929582 17.612262
0.931374 17.622208
0.951577 17.656204
0.963182 17.680114
0.984118 17.698713
1.031789 17.764844
1.038094 17.776893
1.085905 17.825288
1.106028 17.846894
1.138631 17.875585
1.172781 17.900766
1.178242 17.900944
1.186314 17.932585
1.192566 17.902969
