0.022600 18.042377
0.034171 17.970341
0.057507 18.019518
0.069512 18.060025
0.079230 18.064850
0.081406 18.083604
0.161311 18.088531
0.161947 18.101078
0.168103 18.092607
0.190566 18.128448
0.207005 18.119229
0.244365 18.156357
0.245310 18.148086
0.253803 18.148299
0.295917 18.142728
0.326743 18.127476
0.373093 18.176932
0.381570 18.175192
0.430825 18.224863
0.443226 18.257975
0.454470 18.263181
0.465433 18.271176
0.466089 18.269215
0.511113 18.129132
0.532277 18.002032
0.556034 17.818022
0.567108 17.766550
0.637594 17.562298
0.638927 17.524936
0.683812 17.586059
0.690177 17.623262
0.707473 17.600926
0.730024 17.661288
0.758657 17.720649
0.817954 17.812029
0.835191 17.829611
0.886431 17.885605
0.935003 17.949208
0.941735 17.941166
0.953640 17.947182
0.987964 17.984772
1.022600 18.042377
1.034171 17.970341
1.057507 18.019518
1.069512 18.060025
1.079230 18.064850
1.081406 18.083604
1.161311 18.088531
1.161947 18.101078
1.168103 18.092607
1.190566 18.128448
