0.007357 16.913073
0.048402 16.962561
0.134868 17.036171
0.223054 16.997698
0.254626 16.996397
0.268623 17.044852
0.272376 17.073745
0.318857 17.282398
0.359591 17.127993
0.367109 17.184676
0.375707 17.158106
0.392133 17.096185
0.404969 17.131914
0.434391 17.131526
0.497106 17.076615
0.542489 17.081587
0.550328 16.635213
0.555147 16.939563
0.571853 16.498850
0.578190 16.868281
0.609771 16.487889
0.649911 16.306742
0.687895 16.716165
0.694454 16.302417
0.710108 16.696665
0.736711 16.632433
0.747295 16.707584
0.824433 16.752355
0.847631 16.851300
0.853863 16.857198
0.869838 16.774151
0.874233 16.728121
0.882492 16.806234
0.899225 16.873126
0.940119 16.855042
0.961951 16.860011
0.991320 16.973992
1.007357 16.913073
1.048402 16.962561
1.134868 17.036171
