0.019409 14.767023
0.044659 14.804813
0.148544 14.919855
0.150106 14.962751
0.169970 14.955080
0.176436 14.932087
0.214674 14.965468
0.228975 14.991286
0.243213 15.079198
0.287859 14.920091
0.301756 14.970400
0.339901 14.934504
0.354209 14.971715
0.368545 15.044455
0.397555 14.942162
0.418184 14.940019
0.468283 15.003102
0.471530 15.023073
0.477629 14.835394
0.495037 14.999098
0.540784 14.742174
0.543454 14.583872
0.593571 14.653215
0.596808 14.463457
0.652468 14.239242
0.666074 14.407516
0.764816 14.559211
0.774222 14.552449
0.797659 14.593804
0.834458 14.608118
0.841677 14.547881
0.851878 14.544664
0.864360 14.653377
0.890092 14.710199
0.899511 14.728030
0.918543 14.705607
0.922934 14.761493
0.945046 14.721292
0.989644 14.785389
1.019409 14.767023
1.044659 14.804813
1.148544 14.919855
1.150106 14.962751
1.169970 14.955080
1.176436 14.932087
