0.025732 14.771171
0.038977 14.720010
0.138223 14.922378
0.149797 14.851011
0.151429 14.799143
0.170357 14.924481
0.180731 14.839890
0.262280 14.934259
0.280243 14.850134
0.319408 14.868328
0.353611 14.951259
0.374283 14.946577
0.392867 14.972958
0.411121 14.990655
0.438114 15.019882
0.466098 14.978813
0.486777 14.880093
0.587127 14.282322
0.598224 14.333707
0.611910 14.408112
0.693318 14.344684
0.699659 14.482630
0.733307 14.521535
0.805811 14.542968
0.902897 14.612383
0.903089 14.602457
0.908857 14.572175
0.912962 14.619800
1.025732 14.771171
1.038977 14.720010
1.138223 14.922378
1.149797 14.851011
1.151429 14.799143
1.170357 14.924481
1.180731 14.839890
