0.075921 15.898434
0.077903 15.909051
0.111521 15.914801
0.112313 15.925551
0.140210 15.938840
0.228579 15.995250
0.271458 15.980142
0.274015 15.979169
0.298047 15.956209
0.317837 15.949048
0.351361 15.945874
0.362382 15.919971
0.415557 15.888536
0.429995 15.885562
0.431850 15.872285
0.446875 15.877192
0.451641 15.880462
0.454225 15.876201
0.549372 15.861642
0.580678 15.782080
0.598191 15.761437
0.669878 15.602928
0.697475 15.589080
0.732759 15.588121
0.772729 15.614497
0.783554 15.635977
0.796449 15.639453
0.866569 15.700071
0.917360 15.764946
0.942058 15.786577
0.978449 15.824519
1.075921 15.898434
1.077903 15.909051
1.111521 15.914801
1.112313 15.925551
1.140210 15.938840
