0.058307 19.258516
0.079051 19.277764
0.101584 19.334989
0.117939 19.386876
0.126698 19.367673
0.156636 19.451376
0.176173 19.374649
0.194367 19.388619
0.205182 19.434512
0.227790 19.411524
0.290096 19.474456
0.298584 19.413540
0.302349 19.410522
0.308307 19.443991
0.356923 19.385116
0.466019 19.444543
0.483098 19.560825
0.539521 19.111339
0.549900 19.301027
0.649602 18.625467
0.728902 18.911175
0.774238 18.926887
0.775822 18.915453
0.817603 19.008649
0.848132 19.077876
0.855123 19.120518
0.932132 19.111267
0.974249 19.194128
0.989755 19.193526
0.995146 19.226694
1.058307 19.258516
1.079051 19.277764
1.101584 19.334989
1.117939 19.386876
1.126698 19.367673
1.156636 19.451376
1.176173 19.374649
1.194367 19.388619
