0.005998 19.337418
0.011976 19.326399
0.013260 19.342600
0.027746 19.335548
0.043387 19.370146
0.050494 19.340961
0.094284 19.378205
0.161490 19.452859
0.191393 19.468372
0.212430 19.505699
0.237701 19.531418
0.294485 19.449921
0.331839 19.428100
0.355848 19.432351
0.373384 19.448321
0.434137 19.508973
0.440249 19.488053
0.558387 19.328865
0.565782 19.184379
0.677258 18.969414
0.683971 18.997733
0.763119 19.174142
0.881268 19.244551
0.893875 19.270018
0.909642 19.057468
0.932696 19.353229
0.948824 19.278948
1.005998 19.337418
1.011976 19.326399
1.013260 19.342600
1.027746 19.335548
1.043387 19.370146
1.050494 19.340961
1.094284 19.378205
1.161490 19.452859
1.191393 19.468372
