0.017712 19.417604
0.027974 19.477374
0.066159 19.529121
0.126462 19.576800
0.146027 19.534605
0.152563 19.535268
0.176644 19.582793
0.255266 19.723233
0.255659 19.498893
0.275152 19.561881
0.301286 19.597845
0.305791 19.501498
0.384301 19.561241
0.403821 19.557433
0.409569 19.661264
0.414053 19.626746
0.456017 19.653712
0.478630 19.521888
0.513498 19.475484
0.538766 19.470777
0.617325 18.809562
0.622621 19.106635
0.736271 19.074439
0.751771 19.201112
0.850025 19.249930
0.861224 19.310175
0.865470 19.280344
0.899684 19.273118
0.979216 19.396466
0.990326 19.375456
1.017712 19.417604
1.027974 19.477374
1.066159 19.529121
1.126462 19.576800
1.146027 19.534605
1.152563 19.535268
1.176644 19.582793
