0.011828 19.500009
0.033968 19.479818
0.081011 19.468338
0.082761 19.515656
0.086887 19.517551
0.144941 19.527432
0.197964 19.556864
0.208250 19.597832
0.209329 19.583960
0.215902 19.693363
0.281197 19.533288
0.285890 19.729524
0.342725 19.749605
0.345506 19.693414
0.358362 19.543107
0.358386 19.603306
0.364931 19.731898
0.409899 19.729641
0.507447 19.468847
0.613952 19.055245
0.617482 18.792227
0.623336 19.025797
0.640623 18.676862
0.645268 19.245557
0.772310 18.975539
0.794301 19.399151
0.862799 19.244474
0.931977 19.293590
0.937858 19.351603
0.995908 19.444595
1.011828 19.500009
1.033968 19.479818
1.081011 19.468338
1.082761 19.515656
1.086887 19.517551
1.144941 19.527432
1.197964 19.556864
