0.043296 19.428962
0.072028 19.443143
0.088788 19.474767
0.091209 19.337464
0.215455 19.810233
0.242552 19.601842
0.338818 19.593469
0.340195 19.489018
0.353793 19.589575
0.372702 19.523299
0.383586 19.558577
0.417570 19.556889
0.479910 19.672208
0.494884 19.700857
0.513739 19.749349
0.523176 19.664949
0.553986 19.559049
0.558556 19.528286
0.607050 18.895577
0.628478 18.678476
0.662446 18.686736
0.664215 18.683248
0.748034 18.916017
0.748370 18.910171
0.769514 18.961493
0.889351 19.186697
0.901943 19.195863
0.902314 19.213588
0.923039 19.242078
1.043296 19.428962
1.072028 19.443143
1.088788 19.474767
1.091209 19.337464
