0.006914 19.474782
0.081655 19.611622
0.099981 19.565220
0.117553 19.620973
0.210743 19.647746
0.246590 19.604694
0.251913 19.681382
0.282992 19.669320
0.380998 19.433028
0.455513 19.740787
0.508184 19.760793
0.536591 19.633254
0.552319 19.376699
0.598630 19.271495
0.665714 19.023706
0.674311 19.019181
0.684137 19.136965
0.727717 19.067512
0.738958 19.120282
0.803399 19.288840
0.813225 19.295785
0.849344 19.267470
0.868045 19.320630
0.877200 19.380080
0.979604 19.499886
1.006914 19.474782
1.081655 19.611622
1.099981 19.565220
1.117553 19.620973
