0.070933 19.521298
0.184697 19.634417
0.240275 19.645019
0.249184 19.564930
0.292054 19.647521
0.371210 19.717987
0.441544 19.776387
0.471635 19.759081
0.499286 19.607690
0.539405 19.278492
0.569619 19.318023
0.599714 19.062866
0.637218 18.980603
0.667529 19.072735
0.672878 19.094448
0.728343 19.102342
0.759231 19.240275
0.783355 19.243839
0.819677 19.304222
0.856421 19.302927
0.879866 19.398734
0.911432 19.404101
0.920906 19.417516
0.921423 19.394399
0.942856 19.422640
0.982926 19.468289
1.070933 19.521298
1.184697 19.634417
