0.058085 19.618462
0.087969 19.629602
0.106294 19.635172
0.110692 19.662288
0.119362 19.669704
0.222762 19.869338
0.262981 19.729726
0.289698 19.679603
0.341783 19.736667
0.370371 19.727881
0.425743 19.700307
0.436571 19.765935
0.475020 19.794704
0.503611 19.702279
0.530289 19.809360
0.539975 19.871049
0.587485 19.315929
0.633879 18.880052
0.675825 18.958596
0.720799 19.076518
0.751371 19.115904
0.763169 19.290119
0.789088 19.285898
0.809088 19.304016
0.884638 19.294854
0.950992 19.469890
0.951087 19.525506
0.954654 19.493310
1.058085 19.618462
1.087969 19.629602
1.106294 19.635172
1.110692 19.662288
1.119362 19.669704
