0.038269 19.103978
0.055502 19.146159
0.117403 19.147954
0.166180 19.153873
0.176918 19.160221
0.258470 19.156987
0.267643 19.195810
0.321840 19.218536
0.331806 19.158419
0.359936 19.261041
0.423305 19.278464
0.489395 19.074008
0.500838 19.110364
0.559646 18.938324
0.560027 18.953960
0.569101 18.987247
0.603860 18.802947
0.608991 18.854488
0.670566 18.904651
0.671741 18.796863
0.773206 18.853958
0.838193 18.942171
0.882350 18.979813
0.936804 19.036369
0.939657 19.030975
0.974096 19.044359
0.984293 19.057938
1.038269 19.103978
1.055502 19.146159
1.117403 19.147954
1.166180 19.153873
1.176918 19.160221
