0.062486 19.300000
0.101158 19.291335
0.178191 19.388289
0.252144 19.387161
0.308377 19.409149
0.311933 19.391414
0.318947 19.401749
0.332006 19.409788
0.355222 19.451126
0.367847 19.429748
0.391762 19.507335
0.392549 19.472269
0.423682 19.515431
0.470883 19.409849
0.507422 19.237619
0.606545 18.990893
0.651888 18.979831
0.657212 19.000252
0.664856 18.985606
0.767593 19.102834
0.772917 19.090113
0.780605 19.089277
0.805253 19.117098
0.928142 19.173441
0.965936 19.270308
0.989862 19.278268
1.062486 19.300000
1.101158 19.291335
1.178191 19.388289
