0.012198 19.299340
0.017191 19.211675
0.072795 19.394831
0.126717 19.446378
0.127855 19.510740
0.130015 19.387358
0.177709 19.374235
0.221166 19.455530
0.288495 19.599506
0.323992 19.539433
0.336778 19.533151
0.344618 19.549552
0.346053 19.488644
0.380826 19.545282
0.404240 19.505390
0.495170 19.375239
0.580791 19.036327
0.602171 18.949936
0.610739 18.841677
0.646856 18.971643
0.648424 18.774999
0.764038 18.996082
0.771912 18.976788
0.887524 19.160379
0.922050 19.262823
0.952837 19.307866
1.012198 19.299340
1.017191 19.211675
1.072795 19.394831
1.126717 19.446378
1.127855 19.510740
1.130015 19.387358
1.177709 19.374235
