0.006077 19.295676
0.007816 19.263300
0.010870 19.236632
0.030091 19.336803
0.128225 19.351246
0.164476 19.373783
0.225812 19.392791
0.256854 19.365310
0.338725 19.465714
0.443717 19.477365
0.462323 19.456512
0.467353 19.504106
0.489065 19.444081
0.572345 19.019397
0.659072 18.851775
0.725779 18.891602
0.732934 19.083554
0.795268 19.062443
0.802133 19.044951
0.877448 19.099280
0.879185 19.109742
0.901463 19.198151
0.965296 19.225238
1.006077 19.295676
1.007816 19.263300
1.010870 19.236632
1.030091 19.336803
1.128225 19.351246
1.164476 19.373783
