0.026063 19.440785
0.093734 19.396217
0.101088 19.393994
0.103652 19.355337
0.132767 19.163513
0.146002 19.462560
0.146510 19.478177
0.213579 19.587984
0.220947 19.451659
0.266371 19.527750
0.272171 19.397635
0.299695 19.445921
0.405472 19.415475
0.436162 19.569001
0.455991 19.563768
0.525330 19.513608
0.556020 19.031899
0.575850 19.103020
0.660076 19.065631
0.822113 19.255927
0.847505 19.064464
0.853329 19.264005
0.922260 19.216506
0.933109 19.369066
0.941926 19.304614
0.945373 19.151919
0.997568 19.362959
1.026063 19.440785
1.093734 19.396217
1.101088 19.393994
1.103652 19.355337
1.132767 19.163513
1.146002 19.462560
1.146510 19.478177
