0.094714 19.292560
0.096261 19.297741
0.150179 19.249795
0.225418 19.519896
0.250044 19.396973
0.265719 19.444797
0.325388 19.477767
0.332925 19.455196
0.368766 19.458879
0.433623 19.431506
0.468750 19.285399
0.475870 19.261644
0.532378 19.165896
0.533517 19.237526
0.592990 19.090422
0.616156 19.110171
0.676327 19.246869
0.716049 19.116908
0.739851 19.105661
0.747909 19.147806
0.776223 19.268652
0.801959 19.155495
0.847805 19.193782
0.858486 19.180466
0.930677 19.241374
0.961567 19.251039
1.094714 19.292560
1.096261 19.297741
1.150179 19.249795
