0.044754 19.431916
0.048074 19.378181
0.093692 19.451099
0.134869 19.440190
0.177498 19.464749
0.215594 19.489816
0.314034 19.524766
0.352128 19.555209
0.384943 19.526174
0.394717 19.565066
0.458374 19.527235
0.480673 19.593241
0.534631 19.565363
0.584119 18.998724
0.617207 18.830522
0.796616 19.050732
0.844318 19.158920
0.867065 19.153310
0.911539 19.259607
0.934473 19.252553
0.963506 19.272768
0.985836 19.201486
0.995105 19.317903
1.044754 19.431916
1.048074 19.378181
1.093692 19.451099
1.134869 19.440190
1.177498 19.464749
