0.014736 19.394842
0.024691 19.381784
0.044563 19.420354
0.093375 19.410190
0.115187 19.419587
0.136151 19.413069
0.204216 19.463067
0.211378 19.466167
0.218075 19.469664
0.233234 19.437590
0.254131 19.464210
0.284419 19.413219
0.295616 19.396954
0.305595 19.354122
0.328856 19.317557
0.334798 19.299945
0.402421 19.192654
0.428793 19.172710
0.434484 19.147609
0.446860 19.134100
0.452757 19.134178
0.494357 19.078790
0.498959 19.154173
0.527920 19.124879
0.614034 19.195356
0.621869 19.214816
0.645880 19.211119
0.709677 19.414655
0.727241 19.267377
0.744641 19.281579
1.014736 19.394842
1.024691 19.381784
1.044563 19.420354
1.093375 19.410190
1.115187 19.419587
1.136151 19.413069
