0.014633 19.189606
0.047116 19.184663
0.051446 19.249961
0.094828 19.213623
0.097034 19.191529
0.124552 19.286791
0.137970 19.222722
0.152182 19.271971
0.157305 19.265224
0.161534 19.286118
0.195563 19.194549
0.221595 19.223494
0.238705 19.270367
0.256933 19.342743
0.322330 19.283079
0.513559 19.079074
0.546067 19.000262
0.582593 19.069738
0.640146 19.007647
0.653210 18.994296
0.692928 19.001131
0.742263 19.086993
0.753946 19.043752
0.842998 19.101220
0.857273 19.101119
0.893989 19.118557
0.936883 19.135391
0.946342 19.061366
0.997045 19.224794
1.014633 19.189606
1.047116 19.184663
1.051446 19.249961
1.094828 19.213623
1.097034 19.191529
1.124552 19.286791
1.137970 19.222722
1.152182 19.271971
1.157305 19.265224
1.161534 19.286118
1.195563 19.194549
