0.004676 19.288872
0.015578 19.327855
0.033834 19.311542
0.046596 19.322463
0.100625 19.357809
0.107657 19.352964
0.108947 19.361152
0.230729 19.361123
0.347423 19.482350
0.371202 19.445378
0.487894 19.421370
0.521876 19.254893
0.674691 19.092125
0.730353 19.113029
0.791383 19.178117
0.863553 19.208768
0.885416 19.235278
0.887982 19.204601
0.898852 19.241917
0.917141 19.224872
0.932693 19.276456
0.942677 19.268982
0.977933 19.322609
0.991008 19.290498
1.004676 19.288872
1.015578 19.327855
1.033834 19.311542
1.046596 19.322463
1.100625 19.357809
1.107657 19.352964
1.108947 19.361152
