0.032269 19.613187
0.064406 19.281665
0.068616 19.702100
0.182896 19.309422
0.188601 19.623098
0.190910 19.693473
0.215679 19.661235
0.231613 19.686299
0.284491 19.702060
0.347243 19.587272
0.364268 19.502793
0.398875 19.343267
0.421702 19.480606
0.430181 19.363819
0.463767 19.417164
0.540000 18.719583
0.558330 18.477952
0.564958 18.656143
0.572812 18.700063
0.585680 18.617367
0.588883 18.585253
0.609104 18.906361
0.744323 18.957219
0.905825 19.159353
0.909973 19.505910
1.032269 19.613187
1.064406 19.281665
1.068616 19.702100
1.182896 19.309422
1.188601 19.623098
1.190910 19.693473
