0.032494 19.613574
0.066820 19.456580
0.132584 19.629469
0.133367 19.751940
0.157468 19.701594
0.184214 19.794964
0.258787 19.754458
0.309186 19.718297
0.383425 19.740272
0.401077 19.773864
0.421789 19.730231
0.424207 19.375486
0.427957 19.723068
0.570034 19.293974
0.611232 18.735028
0.697760 18.974959
0.744564 19.120504
0.763180 19.109332
0.778100 19.041643
0.859147 19.311790
0.865142 19.292110
0.897378 19.393003
0.925408 19.468789
0.980866 19.462633
0.981647 19.543864
1.032494 19.613574
1.066820 19.456580
1.132584 19.629469
1.133367 19.751940
1.157468 19.701594
1.184214 19.794964
