0.074161 19.591113
0.096065 19.239118
0.107470 19.573878
0.114253 19.490935
0.129412 19.560002
0.164266 19.585580
0.178649 19.683871
0.193379 19.575328
0.205273 19.596982
0.236762 19.782742
0.292011 19.578830
0.355978 19.641285
0.422150 19.632759
0.455188 19.709234
0.596682 19.224611
0.598507 18.977345
0.602945 19.169904
0.617790 18.768938
0.801437 18.972874
0.832350 19.149608
0.931411 19.278448
0.933526 19.249677
0.956635 19.410913
0.964038 19.347777
1.074161 19.591113
1.096065 19.239118
1.107470 19.573878
1.114253 19.490935
1.129412 19.560002
1.164266 19.585580
1.178649 19.683871
1.193379 19.575328
