0.006003 19.314421
0.021011 19.300106
0.064777 19.370322
0.100119 19.384163
0.111945 19.344647
0.123735 19.387069
0.189457 19.416322
0.250135 19.117391
0.312917 19.490593
0.328768 19.422116
0.337777 19.472975
0.353781 19.490159
0.430652 19.536979
0.455513 19.739891
0.470514 19.431841
0.471558 19.508496
0.552809 19.168022
0.559333 19.019281
0.662410 18.816253
0.677110 18.885885
0.730950 18.751813
0.770298 19.031954
0.848684 19.057338
0.884265 19.140422
0.902863 19.157360
0.947087 19.272278
0.994213 19.272959
1.006003 19.314421
1.021011 19.300106
1.064777 19.370322
1.100119 19.384163
1.111945 19.344647
1.123735 19.387069
1.189457 19.416322
