0.011590 19.664251
0.089973 19.805437
0.117240 19.806189
0.129189 19.881620
0.235461 19.858751
0.262617 19.882675
0.274622 19.932974
0.278788 19.885887
0.415397 19.965460
0.449606 19.813753
0.482613 19.965467
0.516103 19.667861
0.551563 19.829714
0.560883 19.461138
0.628047 19.177265
0.661591 19.311897
0.668626 19.199405
0.706718 19.316126
0.723265 19.400492
0.738343 19.388462
0.765788 19.317014
0.814060 19.451071
0.852152 19.544131
0.866183 19.442064
0.875328 19.482323
0.897731 19.584562
1.011590 19.664251
1.089973 19.805437
1.117240 19.806189
1.129189 19.881620
