0.002698 19.422638
0.021658 19.421002
0.058181 19.429773
0.082953 19.579002
0.084831 19.477951
0.150807 19.671092
0.165758 19.511667
0.192078 19.640268
0.207566 19.603172
0.240577 19.677163
0.279787 19.560148
0.320797 19.850431
0.338532 19.526659
0.374461 19.758312
0.545425 19.385293
0.773106 19.117515
0.810637 19.085354
0.887765 19.207531
0.888854 19.312868
1.002698 19.422638
1.021658 19.421002
1.058181 19.429773
1.082953 19.579002
1.084831 19.477951
1.150807 19.671092
1.165758 19.511667
1.192078 19.640268
