0.040171 19.364492
0.055891 19.422861
0.117866 19.637302
0.172239 19.512570
0.230244 19.669655
0.259660 19.609555
0.295777 19.567326
0.362261 19.671747
0.366663 19.562946
0.370138 19.685732
0.376885 19.665550
0.391681 19.556393
0.418529 19.661602
0.508903 19.715389
0.550547 19.157868
0.621434 18.872010
0.680903 19.031748
0.682319 18.912817
0.683520 18.897488
0.724905 19.585418
0.753451 19.089432
0.783574 19.027358
0.797217 19.015948
0.815538 19.215496
0.826986 19.111547
0.996564 19.349195
1.040171 19.364492
1.055891 19.422861
1.117866 19.637302
1.172239 19.512570
