0.011330 19.076531
0.021367 19.066978
0.079524 19.142733
0.096140 19.156937
0.159968 19.313492
0.234047 19.314115
0.240001 19.354496
0.272031 19.478146
0.277455 19.377041
0.343641 19.502319
0.407788 19.359290
0.410096 19.365149
0.420275 19.415209
0.552904 19.561318
0.558208 19.152078
0.749921 18.488004
0.751580 18.558730
0.775039 18.624669
0.836454 18.730371
0.847372 18.734246
0.881169 18.920998
0.883457 18.836236
0.903595 18.895225
0.918953 18.947582
0.974412 19.008590
0.985333 19.018217
1.011330 19.076531
1.021367 19.066978
1.079524 19.142733
1.096140 19.156937
1.159968 19.313492
