0.006144 19.683902
0.027855 19.560718
0.090080 19.815050
0.097483 19.775846
0.172601 19.773482
0.276288 19.960108
0.313893 19.902721
0.328352 19.934926
0.336765 19.825613
0.350326 20.050617
0.408072 19.715976
0.409674 19.789473
0.515375 20.151846
0.549363 19.239901
0.554379 19.990508
0.564940 19.088561
0.605641 18.891532
0.692418 19.200267
0.694125 19.154231
0.695671 19.013124
0.695761 19.350666
0.706233 19.382945
0.835364 19.468645
0.853556 19.520165
0.886561 19.272592
0.916600 19.529702
1.006144 19.683902
1.027855 19.560718
1.090080 19.815050
1.097483 19.775846
1.172601 19.773482
