0.013879 19.425951
0.086520 19.797710
0.094827 19.478779
0.099941 19.517911
0.115076 19.539472
0.138829 19.602710
0.239946 19.630240
0.255136 19.605789
0.293695 19.668023
0.347416 19.633074
0.348314 19.331257
0.381852 19.640656
0.395929 19.845203
0.401265 19.683639
0.412557 19.466779
0.433756 19.674043
0.488268 19.677687
0.505996 20.005483
0.535936 19.354739
0.560680 19.564663
0.629474 18.693898
0.635294 18.668333
0.701113 18.727382
0.715232 18.759963
0.769534 19.025004
0.805444 19.053529
0.873820 19.243826
1.013879 19.425951
1.086520 19.797710
1.094827 19.478779
1.099941 19.517911
1.115076 19.539472
1.138829 19.602710
