0.003777 19.128010
0.047952 19.252696
0.051036 19.258960
0.059295 19.241160
0.131080 19.555854
0.179310 19.443451
0.210595 19.239141
0.242645 19.408164
0.341903 19.289521
0.374025 19.404795
0.425440 19.383178
0.454799 19.409326
0.489649 19.348648
0.552865 18.368864
0.609922 18.984871
0.618362 18.943774
0.621009 18.915325
0.650510 18.241496
0.741281 19.092757
0.810878 18.954247
0.853856 19.009609
0.919677 19.055682
0.927937 19.113713
0.942238 19.040343
0.975844 19.173026
0.999758 19.220963
1.003777 19.128010
1.047952 19.252696
1.051036 19.258960
1.059295 19.241160
1.131080 19.555854
1.179310 19.443451
