0.002571 19.327754
0.017053 19.400469
0.050598 19.319642
0.075418 19.474272
0.153168 19.562312
0.172373 19.584787
0.186000 19.573918
0.187314 19.628161
0.282798 19.632228
0.363805 19.608345
0.396278 19.557740
0.454192 19.635287
0.509879 19.655575
0.604616 18.628749
0.655384 18.661200
0.727144 18.900817
0.739476 18.731869
0.765563 18.876450
0.890131 19.129925
0.892751 19.165424
0.946924 19.313700
1.002571 19.327754
1.017053 19.400469
1.050598 19.319642
1.075418 19.474272
1.153168 19.562312
1.172373 19.584787
1.186000 19.573918
1.187314 19.628161
