0.017293 19.289098
0.112770 19.459976
0.148147 19.484124
0.163771 19.520361
0.244707 19.617557
0.254543 19.547612
0.294624 19.454561
0.318124 19.562312
0.400686 19.574184
0.438695 19.689190
0.447247 19.614570
0.462506 19.541532
0.493838 19.546760
0.546867 19.035999
0.580434 18.932842
0.608931 18.946403
0.615202 18.918351
0.636269 19.307476
0.665987 19.087727
0.714679 18.694029
0.854452 19.208877
0.871054 19.123241
0.966346 19.258209
0.984799 19.251213
1.017293 19.289098
1.112770 19.459976
1.148147 19.484124
1.163771 19.520361
