0.127421 19.200985
0.172822 19.280889
0.189380 19.274099
0.204408 19.229923
0.209806 19.248789
0.219581 19.227848
0.245062 19.268078
0.293723 19.358586
0.295890 19.315758
0.365331 19.285801
0.389402 19.303270
0.541371 19.202646
0.573019 18.835504
0.578999 18.934226
0.684217 18.585917
0.693291 18.592479
0.699269 18.625492
0.720152 18.584705
0.741051 18.556209
0.750155 18.635025
0.774339 18.572378
0.804488 18.850231
0.861299 18.868299
0.866764 18.894333
0.894562 18.978965
1.127421 19.200985
1.172822 19.280889
1.189380 19.274099
