0.036749 19.424430
0.099240 19.457448
0.120723 19.498805
0.156625 19.499409
0.231779 19.569966
0.236713 19.586313
0.327668 19.521486
0.338848 19.562233
0.351656 19.588179
0.356634 19.573384
0.397055 19.637444
0.404634 19.694703
0.463790 19.918296
0.524511 19.503869
0.531918 19.402923
0.538170 19.300032
0.538345 19.287259
0.583667 18.970390
0.651794 18.769551
0.658045 18.793958
0.699976 18.917220
0.757576 18.997678
0.788952 19.082024
0.819852 19.146809
0.877407 19.255740
0.995242 19.433019
1.036749 19.424430
1.099240 19.457448
1.120723 19.498805
1.156625 19.499409
