0.063656 19.334417
0.119097 19.377728
0.146526 19.415905
0.242581 19.404739
0.252451 19.440499
0.270057 19.474023
0.321133 19.455603
0.369918 19.424640
0.375935 19.462619
0.443508 19.298781
0.444653 19.533155
0.487323 19.548717
0.493403 19.575465
0.532966 19.442748
0.542702 19.310971
0.572843 18.903043
0.595309 18.631946
0.656451 18.513956
0.666141 18.603866
0.696328 18.688587
0.718601 18.710795
0.770113 18.847151
0.786086 18.887440
0.795638 18.943651
0.843303 19.007853
0.854539 19.022618
0.880080 19.091688
0.909570 19.106686
0.940171 19.149569
0.978022 19.197479
1.063656 19.334417
1.119097 19.377728
1.146526 19.415905
