0.023089 19.526711
0.030327 19.494122
0.038176 19.525990
0.093923 19.533029
0.127811 19.644242
0.151421 19.727142
0.166217 19.629848
0.257452 19.654298
0.324989 19.666290
0.343529 19.679675
0.438118 19.759338
0.471569 19.738111
0.481672 19.631915
0.584480 19.180043
0.624061 19.289291
0.637392 19.009329
0.639970 19.006534
0.643712 19.412002
0.685178 18.891771
0.697396 18.878406
0.712522 18.963411
0.768010 19.116272
0.771753 19.037307
0.789151 19.076908
0.830125 19.262589
0.942165 19.509921
0.952681 19.370354
0.989950 19.422480
1.023089 19.526711
1.030327 19.494122
1.038176 19.525990
1.093923 19.533029
1.127811 19.644242
1.151421 19.727142
1.166217 19.629848
