0.046094 19.239856
0.068047 19.250008
0.069628 19.255079
0.072216 19.277109
0.091657 19.240087
0.092807 19.201439
0.116549 19.263736
0.132108 19.291932
0.179899 19.290142
0.184025 19.342182
0.191363 19.302310
0.201895 19.336582
0.203466 19.296422
0.225496 19.271790
0.243872 19.365430
0.247649 19.321120
0.254219 19.294103
0.288814 19.318558
0.312156 19.320413
0.313736 19.293912
0.359456 19.358403
0.364770 19.409766
0.365984 19.388585
0.369727 19.406632
0.413246 19.391273
0.424007 19.380326
0.476577 19.254582
0.481534 19.400668
0.525054 19.147829
0.557844 19.070416
0.575672 18.849589
0.581412 18.984320
0.599565 19.012029
0.603442 18.949161
0.654903 18.738479
0.662415 18.842931
0.668117 18.938770
0.690102 18.933815
0.691682 18.934146
0.737282 18.984926
0.766668 18.951424
0.774283 18.913320
0.801953 19.060762
0.823939 19.058665
0.827331 19.030978
0.837639 19.133634
0.847550 19.076062
0.871123 19.110475
0.890343 19.107176
0.935790 19.144797
0.957819 19.149793
0.959359 19.147968
0.981389 19.141998
0.982842 19.143619
1.046094 19.239856
1.068047 19.250008
1.069628 19.255079
1.072216 19.277109
1.091657 19.240087
1.092807 19.201439
1.116549 19.263736
1.132108 19.291932
1.179899 19.290142
1.184025 19.342182
1.191363 19.302310
