0.024378 19.311193
0.072126 19.456363
0.076720 19.426617
0.109527 19.443688
0.127214 19.433171
0.152223 19.462899
0.157325 19.337451
0.183671 19.476554
0.209640 19.535906
0.245888 19.590205
0.260196 19.619111
0.283964 19.542327
0.285120 19.538886
0.318027 19.574969
0.345175 19.539862
0.460739 19.558479
0.659832 19.175916
0.693245 18.886501
0.720363 18.851594
0.775534 18.874683
0.844029 19.092488
0.977025 19.282118
1.024378 19.311193
1.072126 19.456363
1.076720 19.426617
1.109527 19.443688
1.127214 19.433171
1.152223 19.462899
1.157325 19.337451
1.183671 19.476554
