0.011282 19.299833
0.038499 19.327279
0.051126 19.526082
0.060499 19.300667
0.094727 19.375743
0.162149 19.697556
0.171521 19.389527
0.180321 19.370986
0.254654 19.389281
0.367811 19.481447
0.374528 19.393528
0.468683 19.410097
0.579705 19.120441
0.616209 19.074254
0.640579 19.017076
0.697277 19.046862
0.716275 19.085229
0.716894 19.034077
0.813051 19.112712
0.825764 19.143123
0.833733 19.167522
0.877002 19.019490
0.900301 19.204626
1.011282 19.299833
1.038499 19.327279
1.051126 19.526082
1.060499 19.300667
1.094727 19.375743
1.162149 19.697556
1.171521 19.389527
1.180321 19.370986
