0.019100 19.176555
0.055294 19.216133
0.072863 19.148703
0.129062 19.248172
0.165299 19.522422
0.308931 19.314842
0.323717 19.274485
0.328247 19.336505
0.350727 19.260113
0.418955 19.346645
0.421700 19.359716
0.433681 19.329881
0.438252 19.339352
0.460730 19.262013
0.508092 19.216487
0.547563 19.065911
0.641747 18.915436
0.649760 18.969811
0.698206 18.933841
0.713570 19.021283
0.759221 18.953581
0.778236 18.991278
0.778831 18.985043
0.850816 19.104808
0.941834 18.975600
0.975409 19.136734
1.019100 19.176555
1.055294 19.216133
1.072863 19.148703
1.129062 19.248172
1.165299 19.522422
