0.067426 19.604495
0.079916 19.543549
0.083779 19.577397
0.089623 19.541519
0.099330 19.573961
0.109038 19.595050
0.118745 19.582519
0.135307 19.571187
0.137363 19.602520
0.138162 19.637062
0.147871 19.687512
0.167234 19.642646
0.213954 19.447525
0.230258 19.670296
0.236755 19.613801
0.265226 19.648110
0.284643 19.625388
0.294351 19.638961
0.304060 19.660925
0.313770 19.705449
0.319844 19.621307
0.323480 19.629722
0.374778 19.605777
0.383233 19.600818
0.399783 19.665710
0.466268 19.647117
0.546261 19.621221
0.575063 19.293237
0.584770 19.123924
0.594477 18.988086
0.604184 18.849711
0.613891 18.728190
0.614376 18.728152
0.622110 18.669488
0.633308 18.626795
0.634487 18.595290
0.634733 18.620573
0.643016 18.633547
0.652725 18.713607
0.662379 18.687236
0.672088 18.722190
0.675468 18.778457
0.682237 18.708714
0.724420 18.865608
0.760400 18.984035
0.760857 18.996900
0.779788 19.032236
0.780940 19.011413
0.782192 19.003312
0.786646 19.027549
0.789497 19.071469
0.799220 19.066610
0.808915 19.110412
0.818625 19.139542
0.821949 19.248272
0.877040 19.161637
0.928673 19.324873
0.941096 19.331014
0.990884 19.396756
1.067426 19.604495
1.079916 19.543549
1.083779 19.577397
1.089623 19.541519
1.099330 19.573961
1.109038 19.595050
1.118745 19.582519
1.135307 19.571187
1.137363 19.602520
1.138162 19.637062
1.147871 19.687512
1.167234 19.642646
