0.007766 19.263961
0.032683 19.344761
0.089757 19.413083
0.107614 19.506933
0.205332 19.447376
0.229535 19.422096
0.247681 19.621358
0.278442 19.496269
0.298641 19.430531
0.300814 19.522138
0.460485 19.619648
0.492983 19.550415
0.539260 19.385731
0.633256 18.678900
0.665300 18.662343
0.698789 18.938186
0.707351 18.754971
0.805572 18.984779
0.846731 19.082263
0.867492 19.084094
0.880688 19.107105
0.949484 19.246671
0.987004 19.293535
1.007766 19.263961
1.032683 19.344761
1.089757 19.413083
1.107614 19.506933
