0.039188 19.516656
0.059876 19.383114
0.079119 19.474205
0.088050 19.388283
0.110171 19.457888
0.174026 19.472919
0.234443 19.629689
0.256507 19.585254
0.257720 19.557608
0.305434 19.538161
0.336817 19.586312
0.346462 19.564426
0.360611 19.516694
0.430082 19.539693
0.451826 19.584219
0.510638 19.441841
0.574173 18.980559
0.615166 18.858548
0.657030 18.864621
0.746534 18.844986
0.764736 18.896041
0.808677 19.036531
0.851936 19.043927
0.892981 19.132433
0.913538 19.170847
0.932713 19.262068
0.998009 19.284124
1.039188 19.516656
1.059876 19.383114
1.079119 19.474205
1.088050 19.388283
1.110171 19.457888
1.174026 19.472919
