0.013547 19.367407
0.032883 19.280782
0.066924 19.394472
0.158239 19.423766
0.205905 19.480201
0.253239 19.491436
0.261474 19.491885
0.284352 19.371278
0.302354 19.517751
0.344368 19.501408
0.389574 19.433880
0.392275 19.468080
0.413297 19.351684
0.421667 19.528871
0.463159 19.490497
0.528558 19.466763
0.552318 19.207554
0.560649 19.031410
0.584443 19.248507
0.723424 18.741287
0.776521 18.891856
0.810928 18.973321
0.878947 19.046599
0.915502 19.145853
1.013547 19.367407
1.032883 19.280782
1.066924 19.394472
1.158239 19.423766
