0.019908 18.986211
0.056885 19.115216
0.068689 18.999559
0.070710 19.189085
0.335018 19.250219
0.347502 19.098885
0.387780 19.246026
0.459800 19.096214
0.520069 18.707705
0.530326 19.191045
0.565249 18.745291
0.665860 18.358988
0.731397 18.477517
0.778079 18.431320
0.783212 18.632979
0.796795 18.376999
0.799067 18.692095
0.803619 18.649512
0.811544 18.491595
0.845560 18.451178
0.864605 18.760672
0.911287 18.721988
0.930002 18.621586
0.944752 18.752312
0.967860 18.807288
0.978768 18.843792
1.019908 18.986211
1.056885 19.115216
1.068689 18.999559
1.070710 19.189085
