0.026747 19.211131
0.099496 19.258794
0.117054 19.372902
0.133533 19.426174
0.161027 19.253273
0.166334 19.347360
0.306617 19.478561
0.344402 19.308899
0.379234 19.451509
0.404204 19.417652
0.449257 19.390541
0.512172 19.517481
0.546789 19.025972
0.654865 18.437566
0.666738 18.533963
0.722916 18.510956
0.805773 18.686656
0.809377 18.769833
0.865555 18.862700
0.915134 18.981177
0.967179 18.946080
0.973810 19.154629
1.026747 19.211131
1.099496 19.258794
1.117054 19.372902
1.133533 19.426174
1.161027 19.253273
1.166334 19.347360
