0.008079 19.548729
0.018330 19.515986
0.038833 19.482208
0.042649 19.598581
0.078642 19.698604
0.363771 19.817439
0.384274 20.009640
0.415029 19.961419
0.425281 19.987415
0.466291 19.944491
0.472202 19.948667
0.482452 19.998818
0.513204 19.963801
0.533707 19.940084
0.543958 19.922554
0.745476 18.954099
0.755454 18.916282
0.773908 18.922339
0.825134 19.114718
0.827894 19.280023
0.838144 19.107316
0.848395 19.151275
0.858646 19.175518
0.868897 19.100631
0.889399 19.296759
0.899623 19.282578
0.906908 19.353541
0.909903 19.330510
0.920155 19.367222
0.923341 19.345079
0.930407 19.359762
0.940659 19.409607
0.950912 19.415898
0.977327 19.480417
0.987577 19.515521
0.996974 19.561777
0.997828 19.501005
1.008079 19.548729
1.018330 19.515986
1.038833 19.482208
1.042649 19.598581
1.078642 19.698604
