0.017670 19.445900
0.052735 19.510269
0.069642 19.515808
0.137943 19.604452
0.138574 19.596364
0.208558 19.624215
0.251312 19.632832
0.264609 19.631326
0.288056 19.643318
0.291050 19.633745
0.307761 19.629614
0.335296 19.649964
0.354352 19.654603
0.377979 19.636834
0.400863 19.652425
0.527577 19.536775
0.543237 19.522163
0.612878 18.801154
0.612921 18.879942
0.671632 18.844388
0.739592 19.115643
0.786145 19.193714
0.799960 19.208761
0.803671 19.202029
0.907830 19.345040
0.926674 19.369407
0.930385 19.376656
0.942928 19.352821
1.017670 19.445900
1.052735 19.510269
1.069642 19.515808
1.137943 19.604452
1.138574 19.596364
