0.031942 19.187791
0.056598 19.227405
0.072828 19.297991
0.119995 19.237581
0.122737 19.258404
0.197288 19.295148
0.294361 19.374862
0.328777 19.375635
0.377377 19.352687
0.393393 19.364098
0.409849 19.424023
0.544292 19.036458
0.632365 18.689940
0.643698 18.786472
0.657952 18.729955
0.699938 18.706701
0.742794 18.857921
0.789491 18.885351
0.804441 18.934972
0.831426 18.931922
0.896673 18.953770
0.900596 19.061296
0.925110 19.306197
0.941341 19.096508
0.970838 19.083394
1.031942 19.187791
1.056598 19.227405
1.072828 19.297991
1.119995 19.237581
1.122737 19.258404
1.197288 19.295148
