0.089273 19.708777
0.111925 19.661973
0.137339 19.709773
0.151965 19.747901
0.196166 19.810510
0.210372 19.827343
0.227053 19.841132
0.249703 19.800222
0.275249 19.460839
0.333946 19.832218
0.342916 19.810526
0.373681 19.848233
0.446236 19.849340
0.462928 19.883907
0.480644 19.885834
0.553862 19.704757
0.570251 19.512169
0.577235 19.357615
0.626305 19.022338
0.648004 18.939844
0.691589 19.070257
0.701673 19.006021
0.788108 19.302573
0.809873 19.305916
0.864370 19.421623
0.925836 19.497553
0.947652 19.519373
1.089273 19.708777
1.111925 19.661973
1.137339 19.709773
1.151965 19.747901
1.196166 19.810510
