0.021692 19.274593
0.030106 19.335169
0.047717 19.273540
0.048866 19.335919
0.079362 19.343001
0.131217 19.396221
0.132940 19.393542
0.182061 19.395245
0.184064 19.385275
0.201852 19.412768
0.210760 19.419948
0.220611 19.411827
0.222034 19.430684
0.226706 19.445499
0.251085 19.418239
0.291249 19.443351
0.306623 19.365034
0.321720 19.423302
0.373598 19.413420
0.392356 19.363603
0.422831 19.424953
0.424552 19.405497
0.444233 19.502365
0.462994 19.479939
0.484108 19.469797
0.485116 19.476085
0.493466 19.492175
0.502373 19.406210
0.517066 19.407210
0.609480 18.957263
0.615979 18.913699
0.620738 18.841557
0.627477 18.921934
0.634738 18.872507
0.639577 18.876704
0.735847 18.982610
0.743250 18.928762
0.776728 19.055751
0.787725 19.065351
0.806507 19.083632
0.836958 19.127516
0.858360 19.119790
0.872403 19.121359
0.877121 19.170549
0.878720 19.129486
0.907593 19.191707
0.959471 19.251450
0.978229 19.257216
1.021692 19.274593
1.030106 19.335169
1.047717 19.273540
1.048866 19.335919
1.079362 19.343001
1.131217 19.396221
1.132940 19.393542
1.182061 19.395245
1.184064 19.385275
