0.003490 19.239744
0.010469 19.259407
0.012440 19.284292
0.041185 19.517909
0.045758 19.285977
0.047747 19.294847
0.071857 19.323829
0.076478 19.364102
0.100675 19.390299
0.102626 19.355430
0.128977 19.359657
0.131351 19.370612
0.137927 19.307845
0.162102 19.388643
0.175390 19.324476
0.192819 19.446281
0.194805 19.360008
0.199385 19.363559
0.206094 19.372544
0.223491 19.424726
0.252307 19.474371
0.258789 19.439176
0.283020 19.453736
0.287590 19.408526
0.313735 19.439077
0.315712 19.387476
0.331580 19.489027
0.340816 19.435985
0.344405 19.419458
0.346442 19.407620
0.349026 19.385743
0.351023 19.402799
0.373227 19.448709
0.375126 19.430902
0.379700 19.420357
0.383152 19.420623
0.389911 19.513770
0.403939 19.485167
0.404068 19.426076
0.405896 19.472911
0.406714 19.186066
0.410425 19.439127
0.434652 19.523027
0.436621 19.412127
0.439223 19.520131
0.441176 19.441097
0.465369 19.451295
0.466255 19.511889
0.469941 19.465966
0.474084 19.243916
0.496040 19.430100
0.500661 19.376545
0.515399 19.764009
0.524859 19.534033
0.526808 19.270625
0.531336 19.214626
0.532153 19.234086
0.548539 19.135859
0.555571 19.282832
0.557532 19.020042
0.582499 18.822317
0.586285 18.933823
0.588258 18.977908
0.599002 18.894011
0.617002 18.826928
0.618986 18.908695
0.623566 18.885531
0.639747 18.381845
0.647674 18.835366
0.652296 18.918410
0.682971 18.945116
0.707203 18.766619
0.707986 18.853450
0.709168 18.892109
0.713745 18.972917
0.719950 18.636208
0.737919 18.863576
0.739894 19.005044
0.741442 18.830017
0.744473 18.999454
0.775204 19.034219
0.797412 18.933060
0.828123 18.997491
0.831738 19.067450
0.858836 19.065913
0.865381 19.155256
0.889552 19.125442
0.920222 19.172568
0.926842 19.221491
0.942405 19.161511
0.942709 19.114730
0.949043 19.175329
0.955518 19.241249
0.979755 19.234008
1.003490 19.239744
1.010469 19.259407
1.012440 19.284292
1.041185 19.517909
1.045758 19.285977
1.047747 19.294847
1.071857 19.323829
1.076478 19.364102
1.100675 19.390299
1.102626 19.355430
1.128977 19.359657
1.131351 19.370612
1.137927 19.307845
1.162102 19.388643
1.175390 19.324476
1.192819 19.446281
1.194805 19.360008
1.199385 19.363559
