0.016873 19.252163
0.093906 19.369347
0.232154 19.419224
0.258434 19.470674
0.283118 19.401433
0.359771 19.125668
0.380078 19.556597
0.401344 19.521567
0.418544 19.465498
0.439382 19.264359
0.441033 19.304441
0.483107 19.169176
0.490451 18.882819
0.504583 19.279766
0.536773 19.217001
0.544305 19.280630
0.574861 18.757238
0.625828 18.794662
0.640011 18.762245
0.764668 18.655737
0.776160 19.095930
0.815714 18.827462
0.900095 18.861075
0.909796 19.001747
0.951140 19.086997
0.958478 19.132359
1.016873 19.252163
1.093906 19.369347
