0.024719 19.242867
0.035534 19.205763
0.043993 19.292571
0.049520 19.230158
0.086736 19.231524
0.092177 19.289180
0.181244 19.267377
0.196345 19.280558
0.255034 19.353539
0.281258 19.196406
0.304398 19.313694
0.316940 19.333847
0.393653 19.520443
0.395885 19.331018
0.412485 19.313605
0.419067 19.297829
0.424853 19.288103
0.479796 19.261751
0.511216 19.197334
0.527198 19.200665
0.539480 19.162091
0.564036 19.111907
0.636205 19.073275
0.656164 19.132152
0.704559 19.120589
0.770833 19.088776
0.867415 19.203488
0.910049 19.164702
0.923402 19.185983
0.934808 19.189851
1.024719 19.242867
1.035534 19.205763
1.043993 19.292571
1.049520 19.230158
1.086736 19.231524
1.092177 19.289180
1.181244 19.267377
1.196345 19.280558
