0.013756 19.566983
0.015851 19.577181
0.047372 19.575164
0.064755 19.513561
0.069472 19.560042
0.088045 19.609716
0.138643 19.599028
0.149996 19.528294
0.210739 19.635004
0.212467 19.591564
0.274932 19.615111
0.299337 19.642384
0.335625 19.656054
0.424271 19.626020
0.600821 19.471658
0.688893 19.456398
0.712318 19.442556
0.738568 19.381135
0.823360 19.360498
0.837252 19.430475
0.939821 19.503800
1.013756 19.566983
1.015851 19.577181
1.047372 19.575164
1.064755 19.513561
1.069472 19.560042
1.088045 19.609716
1.138643 19.599028
1.149996 19.528294
