0.022898 19.320667
0.059438 19.295493
0.068501 19.372089
0.105611 19.355994
0.149707 19.411769
0.161814 19.402432
0.182889 19.434717
0.228492 19.444136
0.251976 19.402587
0.264061 19.416633
0.295173 19.600143
0.342880 19.430031
0.366363 19.441473
0.375415 19.458313
0.409561 19.519915
0.415300 19.553592
0.415794 19.540944
0.423237 19.484505
0.455164 19.543164
0.489758 19.505784
0.492727 19.690020
0.521803 19.300163
0.529686 19.004966
0.530876 19.053926
0.556569 19.105596
0.569552 19.092484
0.615156 18.907623
0.636234 18.938844
0.645263 18.890424
0.681837 18.934470
0.692786 18.979830
0.705869 18.962153
0.728567 19.027896
0.765003 19.118035
0.775182 19.103082
0.787165 19.104110
0.796225 19.110196
0.820257 19.128265
0.841828 19.165967
0.867429 19.142602
0.884293 19.178352
0.908510 19.330960
0.927276 19.246340
0.956216 19.262124
0.981772 19.247892
1.022898 19.320667
1.059438 19.295493
1.068501 19.372089
1.105611 19.355994
1.149707 19.411769
1.161814 19.402432
1.182889 19.434717
