0.019066 19.400360
0.034873 19.457929
0.036014 19.432742
0.056828 19.448239
0.058536 19.476114
0.074346 19.469295
0.098007 19.505376
0.113820 19.510552
0.121611 19.513856
0.137479 19.543442
0.153294 19.561539
0.176951 19.620346
0.178093 19.361422
0.192769 19.590551
0.213018 19.560624
0.216370 19.606863
0.255898 19.643157
0.278314 19.584689
0.287877 19.597956
0.295372 19.578155
0.317783 19.615505
0.327028 19.629406
0.334846 19.607851
0.355094 19.655106
0.357252 19.640837
0.358788 19.588239
0.363501 19.554255
0.374322 19.597337
0.396723 19.575694
0.413798 19.557610
0.425840 19.211915
0.436193 19.765991
0.469050 19.647288
0.475611 19.646369
0.530483 19.648939
0.534205 19.649908
0.538801 19.553671
0.551032 19.424379
0.554609 19.460513
0.578272 19.054199
0.578534 18.998138
0.594083 18.881472
0.597881 18.775043
0.617689 18.690585
0.626063 18.639870
0.633557 18.671262
0.657215 18.719595
0.673031 18.768024
0.676280 18.785027
0.696633 18.845081
0.736107 18.956649
0.755070 19.010322
0.775675 19.041011
0.781655 19.049853
0.798048 19.068648
0.815109 19.161586
0.837518 19.156301
0.854584 19.185500
0.876987 19.271863
0.881516 19.227370
0.894060 19.146303
0.916458 19.067991
0.923732 19.318663
0.995347 19.382993
1.019066 19.400360
1.034873 19.457929
1.036014 19.432742
1.056828 19.448239
1.058536 19.476114
1.074346 19.469295
1.098007 19.505376
1.113820 19.510552
1.121611 19.513856
1.137479 19.543442
1.153294 19.561539
1.176951 19.620346
1.178093 19.361422
1.192769 19.590551
