0.003630 19.610058
0.019551 19.537313
0.027358 19.593210
0.036254 19.580715
0.040061 19.659311
0.042014 19.599867
0.049705 19.592081
0.082339 19.635628
0.091237 19.705696
0.102993 19.687079
0.108939 19.691988
0.111811 19.657837
0.137321 19.737366
0.146220 19.720270
0.161238 19.766532
0.179978 19.720883
0.192244 19.832360
0.198124 19.770755
0.201146 19.807363
0.247227 19.770612
0.264987 19.773479
0.302270 19.873449
0.311175 19.760785
0.335966 19.738973
0.357255 19.785187
0.366162 19.810469
0.374060 19.722424
0.375800 19.786798
0.398799 19.811528
0.412240 19.798624
0.421149 19.811968
0.444887 19.750222
0.453780 19.804779
0.476136 19.862371
0.499867 19.891758
0.508762 19.928161
0.522212 19.870031
0.531849 19.807481
0.554848 19.572517
0.563745 19.581099
0.609830 18.841528
0.618729 18.751100
0.647147 18.741332
0.664812 18.774863
0.673653 18.861739
0.718644 18.973757
0.719735 18.942367
0.728638 18.990638
0.774719 19.113924
0.775540 19.133304
0.783683 19.203636
0.803196 19.201084
0.808197 19.175950
0.829762 19.295323
0.838669 19.280220
0.874693 19.331400
0.893655 19.388683
0.917397 19.450299
0.926319 19.465505
0.936784 19.434453
0.939733 19.480899
0.946945 19.466857
0.948598 19.479678
0.972377 19.534505
0.981271 19.529486
0.994719 19.581785
1.003630 19.610058
1.019551 19.537313
1.027358 19.593210
1.036254 19.580715
1.040061 19.659311
1.042014 19.599867
1.049705 19.592081
1.082339 19.635628
1.091237 19.705696
1.102993 19.687079
1.108939 19.691988
1.111811 19.657837
1.137321 19.737366
1.146220 19.720270
1.161238 19.766532
1.179978 19.720883
1.192244 19.832360
1.198124 19.770755
