0.003159 19.434298
0.003681 19.423464
0.038695 19.293712
0.039215 19.253268
0.051458 19.491551
0.074231 19.491903
0.074749 19.436096
0.097566 19.510599
0.110284 19.503479
0.145304 19.542098
0.180841 19.553817
0.206102 19.365800
0.252427 19.595064
0.287964 19.557371
0.307720 19.585200
0.359039 19.565549
0.414267 19.574685
0.414848 19.560688
0.430115 19.598938
0.465094 19.573898
0.465654 19.582627
0.478242 19.611613
0.485391 19.572411
0.485914 19.527194
0.501193 19.384406
0.520927 19.472569
0.521448 19.483803
0.573681 19.158244
0.591999 19.133951
0.592517 19.187632
0.620862 18.945151
0.627535 19.002008
0.628052 19.104426
0.634394 18.932091
0.647824 19.033201
0.663073 18.977832
0.663533 18.990964
0.683356 19.036746
0.692973 18.847085
0.694445 18.823419
0.698610 18.870709
0.699069 19.034949
0.701641 18.931923
0.718888 19.103199
0.734148 19.064898
0.734605 19.109066
0.739982 18.950600
0.754421 19.125691
0.770196 19.092880
0.777039 19.028252
0.787677 19.190700
0.789953 19.169126
0.798641 19.134819
0.805733 19.177972
0.825487 19.269245
0.840782 19.154798
0.841270 19.226371
0.876808 19.283776
0.896500 19.334482
0.897081 19.271139
0.912346 19.305151
0.932035 19.307389
0.932614 19.329681
0.947885 19.343236
0.967569 19.369272
0.968147 19.358318
0.983387 19.310331
1.003159 19.434298
1.003681 19.423464
1.038695 19.293712
1.039215 19.253268
1.051458 19.491551
1.074231 19.491903
1.074749 19.436096
1.097566 19.510599
1.110284 19.503479
1.145304 19.542098
1.180841 19.553817
