0.028926 19.449573
0.144613 19.501578
0.184784 19.561411
0.197351 19.530778
0.207929 19.551237
0.208451 19.553550
0.235071 19.484400
0.255183 19.825205
0.346590 19.527532
0.369695 19.523372
0.445414 19.604616
0.497717 19.613620
0.518936 19.408338
0.553154 19.594016
0.617112 18.818217
0.702395 18.611145
0.737639 18.838206
0.740254 18.846246
0.766352 18.856630
0.840116 19.053451
0.847776 19.164096
0.852948 19.153290
0.875005 19.082889
0.889495 19.160548
0.900135 19.086085
0.997015 19.380990
1.028926 19.449573
1.144613 19.501578
1.184784 19.561411
1.197351 19.530778
