0.001131 18.922063
0.054913 19.313978
0.084219 19.431376
0.096454 19.362950
0.178778 19.412260
0.286239 19.410972
0.318937 19.392620
0.321161 19.370913
0.391138 19.443605
0.425303 19.471659
0.438131 19.493056
0.440352 19.520210
0.445902 19.531612
0.463914 19.553507
0.490293 19.487112
0.504249 19.422333
0.505638 19.544984
0.565137 19.021463
0.609448 18.915513
0.624833 18.791463
0.650278 18.870925
0.717772 18.934576
0.769474 19.015362
0.815862 19.065749
0.843067 19.061559
0.935055 19.235514
0.935719 19.218827
0.962266 19.204750
0.965391 19.204289
1.001131 18.922063
1.054913 19.313978
1.084219 19.431376
1.096454 19.362950
1.178778 19.412260
