0.060022 19.667032
0.178902 19.775427
0.255109 19.746383
0.262353 19.715540
0.296070 19.687840
0.357804 19.821061
0.367882 19.812408
0.368068 19.694347
0.414954 19.734464
0.435885 19.775744
0.476694 19.768438
0.486905 19.766248
0.535813 19.658645
0.541272 19.706763
0.568431 19.663570
0.654698 19.218723
0.655963 19.308850
0.671985 19.270490
0.687322 19.351848
0.690129 19.217505
0.774943 19.453381
0.808967 19.437218
0.875646 19.561999
0.939530 19.665324
0.962815 19.612323
1.060022 19.667032
1.178902 19.775427
