0.005004 19.819862
0.128481 19.768710
0.151036 19.963099
0.197731 20.103456
0.267875 19.870146
0.282791 20.057303
0.290485 20.120037
0.307583 20.036914
0.326309 20.191127
0.337132 20.146610
0.346362 19.819753
0.363630 20.095373
0.430845 20.046774
0.444833 19.904268
0.452534 20.087157
0.475536 19.992604
0.475953 20.103968
0.485803 19.594802
0.591928 19.347806
0.658122 19.245192
0.673190 19.281163
0.718535 19.288507
0.757126 19.491494
0.779434 19.504069
0.857930 19.622067
0.896525 19.705610
0.944256 19.759829
0.951005 19.800147
0.990482 19.742794
1.005004 19.819862
1.128481 19.768710
1.151036 19.963099
1.197731 20.103456
