0.018094 19.314955
0.093444 19.435042
0.135483 19.460526
0.173671 19.438545
0.227097 19.719711
0.241449 19.479940
0.351008 19.480597
0.378419 19.459373
0.437853 19.587185
0.483103 19.579796
0.628625 18.843759
0.666702 18.921610
0.673458 18.772396
0.761869 19.060119
0.810645 19.127670
0.839503 19.187242
0.840416 19.163535
0.842269 19.200289
0.871891 19.160134
0.885832 19.225779
0.949761 19.305185
0.963241 19.326198
0.963457 19.281463
0.966227 19.297788
0.972049 19.290270
0.995848 19.314944
1.018094 19.314955
1.093444 19.435042
1.135483 19.460526
1.173671 19.438545
