0.007959 19.781976
0.008425 19.703148
0.012009 19.847629
0.022392 19.770402
0.125920 19.830736
0.142245 19.856685
0.190397 19.908017
0.213691 19.713633
0.220415 19.762654
0.256157 19.929457
0.311538 19.835084
0.340204 19.826917
0.350642 19.875764
0.470385 19.887875
0.523674 20.041630
0.602205 19.403000
0.632812 19.235238
0.661623 19.391088
0.698364 19.286047
0.712399 19.267206
0.726805 19.396801
0.729051 19.389784
0.732392 19.271690
0.767916 19.410822
0.813198 19.538912
0.823934 19.493437
0.828600 19.496295
0.859279 19.728438
0.920980 19.587107
1.007959 19.781976
1.008425 19.703148
1.012009 19.847629
1.022392 19.770402
1.125920 19.830736
1.142245 19.856685
1.190397 19.908017
