0.010463 19.711291
0.100671 19.693377
0.207190 19.798629
0.215339 19.754851
0.226070 19.812377
0.243610 19.744379
0.372410 19.815598
0.377215 19.570903
0.438070 19.881530
0.502519 19.917644
0.512174 19.756090
0.527166 19.649122
0.577150 19.547644
0.591758 19.522252
0.613134 19.326528
0.644036 19.335122
0.652473 19.263361
0.670771 19.238683
0.702446 19.244011
0.717101 19.147375
0.738477 19.257004
0.759896 19.352817
0.769334 19.465697
0.781059 19.360112
0.784897 19.454948
0.885247 19.527590
0.910052 19.589989
0.974081 19.679409
0.975198 19.594291
1.010463 19.711291
1.100671 19.693377
