0.067116 20.013301
0.117986 20.135747
0.121607 20.078913
0.258239 20.005638
0.262991 20.117320
0.409851 20.109532
0.415964 20.115030
0.440744 20.173888
0.474146 20.115807
0.476244 20.101339
0.495118 20.122835
0.562757 19.097960
0.587652 19.090543
0.603341 19.075832
0.623151 19.190758
0.642029 19.228136
0.670965 19.381662
0.750199 19.611463
0.790332 19.674911
0.791630 19.781923
0.816499 19.493126
0.823716 19.668841
0.914210 19.814178
0.920311 19.847069
0.963297 19.924515
0.977328 19.903434
1.067116 20.013301
1.117986 20.135747
1.121607 20.078913
