0.022220 19.806438
0.097284 19.894821
0.106777 19.913268
0.109214 19.932705
0.124498 19.920603
0.198171 19.942459
0.212678 19.986518
0.223366 19.968212
0.231177 19.932686
0.233607 19.953903
0.281963 20.088302
0.294880 19.968704
0.347765 19.937676
0.385671 19.970634
0.393385 19.957881
0.406309 19.965834
0.406388 19.982073
0.409644 19.985748
0.419256 19.990641
0.486552 20.041287
0.510014 19.744315
0.565278 19.827196
0.618069 19.429700
0.667987 19.355801
0.687579 19.355700
0.832474 19.906422
0.861377 19.639089
0.897829 19.697289
0.943065 19.756673
0.956826 19.757000
1.022220 19.806438
1.097284 19.894821
1.106777 19.913268
1.109214 19.932705
1.124498 19.920603
1.198171 19.942459
