0.003568 19.590580
0.004770 19.613967
0.151100 19.675369
0.206764 19.710610
0.285346 19.679020
0.300703 19.670599
0.308503 19.758960
0.415373 19.840741
0.417856 19.451207
0.418627 19.761987
0.426381 20.078389
0.445681 19.740381
0.452851 19.765899
0.467605 19.757305
0.506858 19.652264
0.533245 19.481427
0.535732 19.468489
0.544022 19.428596
0.554683 19.442689
0.557822 19.435070
0.563511 19.453598
0.587667 19.365482
0.600280 19.342180
0.661903 19.371720
0.748178 19.366252
0.831123 19.491653
0.854906 19.329336
0.885652 19.476021
0.891328 19.522059
0.949003 19.550186
1.003568 19.590580
1.004770 19.613967
1.151100 19.675369
