0.070610 19.720254
0.079152 19.823775
0.111780 19.766377
0.144916 19.823877
0.175136 19.812729
0.207076 19.740969
0.208389 19.869221
0.221585 20.030938
0.295116 19.919542
0.349506 19.964392
0.358431 19.855901
0.383262 19.896877
0.479609 19.373638
0.486348 19.858766
0.508070 19.767844
0.534908 19.611279
0.581613 19.393884
0.635936 19.332326
0.651458 19.255927
0.662778 19.370520
0.717254 19.371866
0.779371 19.479925
0.787869 19.540943
0.845171 19.580671
0.876769 19.612552
0.932180 19.554939
0.983816 19.646129
1.070610 19.720254
1.079152 19.823775
1.111780 19.766377
1.144916 19.823877
1.175136 19.812729
