0.010067 19.821414
0.052808 19.921256
0.127328 19.884036
0.205534 19.983845
0.248906 20.244300
0.252341 20.005881
0.262103 20.035714
0.292294 19.767758
0.352845 20.004602
0.391254 20.196073
0.394698 20.237945
0.434591 20.057051
0.477170 20.062554
0.512925 19.815031
0.544355 19.474308
0.552221 19.717298
0.564913 19.490587
0.691692 19.703053
0.694570 19.380216
0.707258 19.480305
0.716041 19.427660
0.768779 19.580654
0.773303 19.525177
0.838079 19.680753
0.915651 19.782362
0.975309 19.800639
1.010067 19.821414
1.052808 19.921256
1.127328 19.884036
