0.025149 19.633320
0.048817 19.694482
0.052030 19.699327
0.108649 19.765645
0.264462 19.899263
0.286747 19.858179
0.291756 19.818766
0.326678 19.628621
0.406226 19.807351
0.420150 19.767301
0.468394 19.849303
0.487644 19.900910
0.491817 19.887437
0.510166 19.852605
0.554183 19.736352
0.624052 18.971222
0.627663 19.067358
0.629360 19.061347
0.633586 18.837163
0.638875 18.835428
0.659968 18.850934
0.720198 19.054547
0.757444 19.147658
0.771340 19.231212
0.811032 19.285538
0.825441 19.443657
0.861905 19.420854
0.883445 19.418702
0.891492 19.496816
0.907112 19.447152
0.952791 19.542735
0.967157 19.649895
0.976245 19.561278
1.025149 19.633320
1.048817 19.694482
1.052030 19.699327
1.108649 19.765645
