0.079863 19.817447
0.094952 19.854977
0.098612 19.519477
0.228745 19.674847
0.276481 19.977236
0.280071 19.660034
0.399149 19.835372
0.415354 19.830962
0.425031 19.925087
0.425846 19.928776
0.466079 19.869106
0.474437 19.832668
0.529282 19.831413
0.555215 19.491642
0.589020 19.332075
0.594028 19.444555
0.596211 19.378876
0.604567 19.375011
0.639898 19.379334
0.643291 19.219432
0.650673 19.296078
0.658382 19.158550
0.771290 19.381658
0.773433 19.260312
0.778189 19.378675
0.780765 19.461162
0.842230 19.477212
0.908326 19.593838
0.949698 19.651868
0.960260 19.675354
1.079863 19.817447
1.094952 19.854977
1.098612 19.519477
