0.025580 19.556258
0.047663 19.561610
0.056194 19.634550
0.114563 19.501544
0.174869 19.660194
0.179767 19.656501
0.187937 19.680582
0.197921 19.692384
0.242901 19.699688
0.298353 19.651883
0.306574 19.732569
0.338987 19.662678
0.457615 19.703753
0.491026 19.710481
0.542921 19.474818
0.580423 19.287574
0.581647 19.346593
0.609614 19.176082
0.611179 19.205039
0.661555 19.169633
0.719200 19.240598
0.767157 19.326994
0.784396 19.309086
0.793711 19.336164
0.837840 19.411125
0.862797 19.346072
0.874245 19.481299
0.903034 19.440624
0.906940 19.442358
0.929034 19.378767
0.944798 19.500299
0.995930 19.527215
1.025580 19.556258
1.047663 19.561610
1.056194 19.634550
1.114563 19.501544
1.174869 19.660194
1.179767 19.656501
1.187937 19.680582
1.197921 19.692384
