0.038782 19.672078
0.081912 19.733916
0.131844 19.772946
0.133790 19.762077
0.166096 19.776737
0.211145 19.786054
0.287000 19.767100
0.322240 19.758033
0.338496 19.757560
0.341324 19.774722
0.436809 19.820540
0.449544 19.862894
0.456597 19.883561
0.572366 19.392098
0.613898 19.162023
0.615542 19.153835
0.615783 19.030657
0.715624 19.294388
0.728700 19.244505
0.737816 19.354013
0.741250 19.378683
0.753199 19.243836
0.842980 19.498690
0.856005 19.492022
0.869449 19.483717
0.880512 19.582265
0.918569 19.531218
0.925678 19.535274
0.983977 19.542981
0.996811 19.600613
1.038782 19.672078
1.081912 19.733916
1.131844 19.772946
1.133790 19.762077
1.166096 19.776737
