0.034064 15.499824
0.053872 15.422402
0.062555 15.410332
0.079972 15.515321
0.131357 15.544640
0.158147 15.571602
0.179183 15.572300
0.199043 15.555502
0.225093 15.639672
0.245106 15.619348
0.258522 15.600340
0.275597 15.557353
0.284857 15.645734
0.390274 15.614571
0.439892 15.686578
0.466292 15.674312
0.511009 15.604505
0.643496 14.865198
0.656174 14.849049
0.812586 15.162215
0.849582 15.187188
0.906973 15.375759
0.968487 15.434238
0.986187 15.367255
1.034064 15.499824
1.053872 15.422402
1.062555 15.410332
1.079972 15.515321
1.131357 15.544640
1.158147 15.571602
1.179183 15.572300
1.199043 15.555502
