0.012464 19.711679
0.023467 19.643371
0.048612 19.799108
0.064231 19.748338
0.071533 19.766240
0.143276 19.777288
0.168344 19.773178
0.196219 19.834365
0.198921 19.805257
0.258254 19.749503
0.297570 19.810870
0.315816 19.711631
0.318705 19.775312
0.331465 19.732150
0.344495 19.789291
0.356648 19.824487
0.363452 19.774234
0.378028 19.827100
0.387764 19.864185
0.402874 19.851192
0.425213 19.761001
0.451242 19.725518
0.457772 19.661486
0.522703 19.346447
0.544995 19.314344
0.569663 19.271658
0.577556 19.262463
0.593273 19.334433
0.637592 19.368290
0.648554 19.373503
0.851287 19.472731
0.874875 19.683896
0.891202 19.570282
0.971061 19.585794
0.994660 19.719728
1.012464 19.711679
1.023467 19.643371
1.048612 19.799108
1.064231 19.748338
1.071533 19.766240
1.143276 19.777288
1.168344 19.773178
1.196219 19.834365
1.198921 19.805257
