0.016267 19.817904
0.028612 19.768153
0.061980 19.815045
0.107499 19.885594
0.192719 19.972940
0.202099 19.939049
0.210721 19.844208
0.241444 19.937046
0.284267 19.791829
0.332537 20.053863
0.341525 19.958644
0.350786 19.944339
0.394337 19.899927
0.433017 19.934048
0.476470 19.988771
0.481275 20.105691
0.490188 20.099879
0.509865 20.509604
0.580009 19.083500
0.638920 18.841631
0.641432 19.153738
0.658672 19.094784
0.674563 19.231373
0.695829 19.128902
0.697398 19.170856
0.733881 19.384151
0.830521 19.537220
0.887383 19.624182
0.958755 19.701499
0.959742 19.746635
1.016267 19.817904
1.028612 19.768153
1.061980 19.815045
1.107499 19.885594
1.192719 19.972940
