0.006559 19.585388
0.017801 19.654038
0.025476 19.548867
0.027376 19.572240
0.076529 19.635443
0.099596 19.723390
0.159213 19.650297
0.164597 19.910203
0.236861 19.793240
0.245402 19.751994
0.296427 19.730253
0.411630 19.931964
0.415520 19.827853
0.484136 19.887667
0.540264 19.861577
0.546815 19.624821
0.552792 19.831088
0.569408 19.066245
0.630066 18.612074
0.722393 18.876194
0.725871 19.171062
0.800261 19.149113
0.815621 19.080625
0.859609 19.205063
0.880587 19.387424
0.888370 19.363369
0.937476 19.423037
0.939261 19.554550
0.952846 19.462777
0.956664 19.545280
1.006559 19.585388
1.017801 19.654038
1.025476 19.548867
1.027376 19.572240
1.076529 19.635443
1.099596 19.723390
1.159213 19.650297
1.164597 19.910203
