0.014399 19.205819
0.038740 19.212497
0.057851 19.255495
0.107089 19.332455
0.166997 19.395734
0.174271 19.493255
0.210347 19.457270
0.224552 19.437384
0.255422 19.401057
0.259572 19.460404
0.278155 19.436986
0.326812 19.453011
0.355395 19.408703
0.377149 19.404663
0.407961 19.506507
0.430694 19.369836
0.506929 19.501054
0.537842 19.421786
0.565295 18.898550
0.659468 18.386187
0.690382 18.539041
0.805911 18.897033
0.813876 18.910878
0.866952 19.001120
0.886202 19.024345
0.893477 19.004637
0.958509 19.052906
0.966416 19.136023
0.968694 19.105745
1.014399 19.205819
1.038740 19.212497
1.057851 19.255495
1.107089 19.332455
1.166997 19.395734
1.174271 19.493255
