0.040262 19.075021
0.093898 19.121292
0.113113 19.101383
0.139755 19.137575
0.228221 19.139230
0.255995 19.132812
0.326850 19.157568
0.365304 19.182710
0.389399 19.240515
0.432945 19.240760
0.459138 19.208059
0.571365 18.881964
0.574684 18.833448
0.596349 18.810039
0.603695 18.749680
0.639444 18.687102
0.711519 18.780539
0.718866 18.806984
0.733277 18.814512
0.811860 18.886686
0.917938 18.994315
0.925047 18.880971
0.944987 19.002361
1.040262 19.075021
1.093898 19.121292
1.113113 19.101383
1.139755 19.137575
