0.050895 19.076755
0.057232 19.183566
0.067673 19.187166
0.119083 19.239146
0.122947 19.081205
0.190107 19.268171
0.212519 19.277042
0.258796 19.243554
0.277070 19.248715
0.282338 19.317908
0.329821 19.254844
0.360005 19.304443
0.422055 19.307578
0.461181 19.211454
0.555638 19.063947
0.582270 18.902422
0.655491 18.446406
0.694680 18.681004
0.726521 18.511033
0.834393 18.878461
0.866236 18.792331
0.907615 18.957642
0.917944 18.957986
0.983229 19.032792
1.050895 19.076755
1.057232 19.183566
1.067673 19.187166
1.119083 19.239146
1.122947 19.081205
1.190107 19.268171
