0.020165 15.684007
0.032114 15.691547
0.040011 15.687392
0.070563 15.719689
0.138532 15.782410
0.158380 15.793764
0.188930 15.803250
0.317559 15.840893
0.323091 15.825028
0.396556 15.860917
0.441456 15.955016
0.443174 15.921850
0.510964 16.009380
0.514924 15.982152
0.585855 15.124370
0.622748 14.937593
0.684445 15.127908
0.696545 15.139569
0.724924 15.233363
0.757827 15.294738
0.814914 15.402308
0.867360 15.490965
0.875684 15.482168
0.876239 15.504777
0.921477 15.562287
0.985692 15.641361
1.020165 15.684007
1.032114 15.691547
1.040011 15.687392
1.070563 15.719689
1.138532 15.782410
1.158380 15.793764
1.188930 15.803250
