0.011440 16.361938
0.031096 16.377541
0.053139 16.396462
0.170440 16.418171
0.176302 16.465009
0.188556 16.458054
0.228954 16.477643
0.255669 16.469984
0.293602 16.472335
0.311667 16.471728
0.356579 16.487251
0.363149 16.486101
0.479688 16.575965
0.486311 16.567377
0.497921 16.522842
0.507473 16.371183
0.537610 16.266409
0.550333 16.181205
0.621082 15.946894
0.653290 15.959697
0.676414 15.985058
0.729702 16.089676
0.776448 16.142120
0.870455 16.233526
0.888283 16.254656
0.907973 16.265905
1.011440 16.361938
1.031096 16.377541
1.053139 16.396462
1.170440 16.418171
1.176302 16.465009
1.188556 16.458054
