0.088952 15.005320
0.110959 15.019268
0.132559 15.002748
0.169136 15.065533
0.177047 15.042775
0.222432 15.083881
0.239217 15.116537
0.255256 15.091698
0.297294 15.134376
0.337200 15.107223
0.373175 15.078945
0.388733 15.083046
0.419010 15.101367
0.453559 15.102886
0.459389 15.119238
0.522212 15.108826
0.562175 14.747456
0.620727 14.258605
0.621538 14.310034
0.655692 14.392044
0.685563 14.399504
0.748838 14.533225
0.749712 14.550486
0.789134 14.642375
0.813740 14.684422
0.821994 14.695155
0.863199 14.785194
0.867226 14.794844
0.955473 14.869624
0.969875 14.907538
0.991408 14.888048
1.088952 15.005320
1.110959 15.019268
1.132559 15.002748
1.169136 15.065533
1.177047 15.042775
