0.017034 15.061056
0.025881 15.068932
0.066933 15.110823
0.071346 15.113063
0.097812 15.131500
0.125448 15.139316
0.285374 15.202526
0.332233 15.193683
0.346771 15.194075
0.376878 15.226372
0.384821 15.242233
0.420121 15.288018
0.497727 15.312216
0.511712 15.274177
0.569649 14.746063
0.577226 14.691167
0.584497 14.628684
0.653080 14.494886
0.666288 14.546548
0.677897 14.568994
0.682982 14.571854
0.694025 14.604361
0.712051 14.633126
0.719286 14.646917
0.801132 14.791363
0.804621 14.792076
0.812683 14.798240
0.817871 14.815561
0.818587 14.846571
0.864161 14.884391
0.882249 14.896795
0.932136 14.965074
0.998960 15.043288
1.017034 15.061056
1.025881 15.068932
1.066933 15.110823
1.071346 15.113063
1.097812 15.131500
1.125448 15.139316
