0.043844 16.063691
0.044611 16.097755
0.054192 16.039210
0.069904 16.074248
0.116931 16.063716
0.123878 16.082285
0.128828 16.168831
0.146322 16.129747
0.200839 16.259462
0.204437 16.246386
0.210402 16.159819
0.222309 16.206507
0.261981 16.200973
0.280106 16.197853
0.302587 16.155752
0.315442 16.195272
0.360664 16.230176
0.378533 16.245888
0.400345 16.193080
0.413183 16.299433
0.415528 16.226302
0.415672 16.241280
0.436800 16.257586
0.479946 16.261034
0.488792 16.206582
0.556876 15.995012
0.588860 15.673214
0.593014 15.539927
0.600764 15.305732
0.618249 15.374436
0.636102 15.313703
0.644958 15.473291
0.707492 15.369868
0.712896 15.422813
0.713098 15.506757
0.726162 15.431174
0.729450 15.515375
0.756982 15.590934
0.774472 15.678621
0.785032 15.592049
0.863655 15.795720
0.882375 15.834888
0.885604 15.794016
0.943591 15.924244
0.960706 15.911033
1.043844 16.063691
1.044611 16.097755
1.054192 16.039210
1.069904 16.074248
1.116931 16.063716
1.123878 16.082285
1.128828 16.168831
1.146322 16.129747
