0.001805 15.314285
0.006340 15.344528
0.015996 15.340381
0.041531 15.373511
0.043903 15.370589
0.061919 15.449393
0.072855 15.404360
0.159563 15.492485
0.170300 15.478688
0.197946 15.491836
0.251409 15.506768
0.265222 15.520809
0.292231 15.506069
0.299562 15.532253
0.304108 15.520094
0.310934 15.521670
0.313762 15.530913
0.364611 15.520153
0.417332 15.546503
0.436033 15.573542
0.438916 15.611407
0.464208 15.608926
0.465549 15.601713
0.468072 15.638153
0.477882 15.640659
0.487793 15.631672
0.489729 15.631540
0.515829 15.610090
0.525551 15.551894
0.593171 14.795184
0.602974 14.684827
0.621039 14.609457
0.673848 14.725263
0.690433 14.807540
0.736689 14.889170
0.746087 14.850110
0.763309 14.929282
0.798943 15.003358
0.813591 15.046250
0.815545 15.034562
0.861789 15.128129
0.881241 15.146297
0.890920 15.151363
0.919921 15.190444
0.938687 15.252738
0.939471 15.223014
0.953662 15.247185
1.001805 15.314285
1.006340 15.344528
1.015996 15.340381
1.041531 15.373511
1.043903 15.370589
1.061919 15.449393
1.072855 15.404360
1.159563 15.492485
1.170300 15.478688
1.197946 15.491836
