0.011313 16.796613
0.033528 16.834130
0.112117 16.887909
0.181710 16.933948
0.239257 16.949759
0.242034 16.917718
0.267032 16.968755
0.300335 16.959951
0.315816 16.974126
0.357882 16.974538
0.360658 16.957080
0.385645 16.958217
0.412398 17.035673
0.434475 17.049685
0.465126 17.022305
0.544670 16.801823
0.583742 16.426415
0.663297 16.232972
0.694718 16.307884
0.780732 16.511974
0.805215 16.559405
0.813381 16.403415
0.821256 16.551586
0.866082 16.609153
0.892656 16.648719
0.899354 16.681254
0.914916 16.669465
0.939882 16.717184
0.984651 16.780507
0.993462 16.789613
1.011313 16.796613
1.033528 16.834130
1.112117 16.887909
1.181710 16.933948
