0.006734 16.506377
0.012068 16.391846
0.060205 16.531544
0.133980 16.551794
0.154718 16.576216
0.187435 16.564338
0.191305 16.547981
0.289530 16.560817
0.318536 16.556273
0.321146 16.580296
0.371655 16.697986
0.411227 16.706044
0.416697 16.528636
0.447662 16.708166
0.448373 16.519376
0.498881 16.604490
0.538518 16.383988
0.549074 16.565061
0.558341 16.356933
0.568733 16.298624
0.621377 16.086182
0.718758 16.143963
0.719609 16.241348
0.750508 16.123528
0.751252 16.251220
0.757357 16.333467
0.780523 16.176319
0.811148 16.347918
0.830231 16.428753
0.832062 16.169023
0.861217 16.360751
0.877741 16.281051
0.878493 16.365766
0.907763 16.328294
0.938380 16.430598
0.957476 16.520216
0.959292 16.334828
0.986638 16.468474
1.006734 16.506377
1.012068 16.391846
1.060205 16.531544
1.133980 16.551794
1.154718 16.576216
1.187435 16.564338
1.191305 16.547981
