0.014119 20.281575
0.024920 20.353883
0.031127 20.251171
0.047852 20.337340
0.066400 20.270132
0.124995 20.467100
0.136509 20.332257
0.156704 20.453964
0.172909 20.365731
0.178515 20.524083
0.184930 20.541411
0.196467 20.494714
0.279429 20.656600
0.298507 20.471004
0.320282 20.445177
0.320860 20.492650
0.351561 20.454125
0.362398 20.520449
0.403880 20.311547
0.421210 20.420509
0.445357 20.361920
0.452803 20.447304
0.462694 20.446094
0.511123 20.501136
0.545660 20.536616
0.587139 20.117747
0.594316 19.865260
0.622424 19.525419
0.652172 19.444666
0.657281 19.441130
0.657295 19.470541
0.675729 19.474273
0.705712 19.538108
0.717206 19.576427
0.758688 19.734295
0.764155 19.732944
0.800171 19.926562
0.847481 19.906509
0.848563 19.917498
0.859001 19.982880
0.883179 20.010441
0.897436 19.658570
0.900468 20.121908
0.924619 20.155200
0.931703 20.130696
0.941952 20.102601
0.966094 20.194622
0.983210 20.199482
0.983436 20.072107
0.989653 20.208004
0.994740 20.231833
1.014119 20.281575
1.024920 20.353883
1.031127 20.251171
1.047852 20.337340
1.066400 20.270132
1.124995 20.467100
1.136509 20.332257
1.156704 20.453964
1.172909 20.365731
1.178515 20.524083
1.184930 20.541411
1.196467 20.494714
