0.040507 15.899040
0.061454 15.912032
0.073187 15.948421
0.089539 15.942205
0.092775 15.957964
0.112804 15.963371
0.128948 16.003498
0.142871 15.979637
0.143158 15.983496
0.148917 15.981092
0.186592 15.993380
0.187600 15.984794
0.199289 15.973738
0.208547 16.015270
0.238952 16.013960
0.255097 15.976850
0.275077 16.038905
0.285884 16.013733
0.291381 16.022445
0.296016 16.013100
0.298250 16.027221
0.334707 15.992241
0.392257 16.046456
0.422125 16.058072
0.442739 16.060351
0.443449 16.105823
0.465973 16.127296
0.486891 16.118983
0.487903 16.129784
0.499607 16.131201
0.539224 15.900268
0.569279 15.638177
0.569405 15.659729
0.575372 15.629630
0.613004 15.386608
0.614061 15.394469
0.625755 15.337414
0.637523 15.351132
0.646714 15.340624
0.686207 15.410554
0.706637 15.481537
0.722417 15.528804
0.729431 15.502863
0.761113 15.595683
0.766272 15.615301
0.772913 15.591166
0.782089 15.601634
0.832785 15.677980
0.855592 15.685810
0.869568 15.722018
0.869902 15.702747
0.913303 15.752674
0.963391 15.812006
0.966576 15.836268
0.990422 15.836457
0.991079 15.847988
0.995725 15.854972
1.040507 15.899040
1.061454 15.912032
1.073187 15.948421
1.089539 15.942205
1.092775 15.957964
1.112804 15.963371
1.128948 16.003498
1.142871 15.979637
1.143158 15.983496
1.148917 15.981092
1.186592 15.993380
1.187600 15.984794
1.199289 15.973738
