0.000244 20.331344
0.007785 20.275783
0.031641 20.347280
0.103029 20.435562
0.190018 20.502975
0.198236 20.458811
0.246516 20.531133
0.301087 20.491423
0.343811 20.494328
0.388013 20.564975
0.441955 20.438794
0.444506 20.431850
0.533439 20.212380
0.698504 20.101635
0.723907 20.123576
0.731431 20.107334
0.749881 20.094106
0.756879 20.041098
0.833672 20.187599
0.855676 20.150359
0.947864 20.292625
0.949323 20.251963
0.978648 20.351328
0.999678 20.317178
1.000244 20.331344
1.007785 20.275783
1.031641 20.347280
1.103029 20.435562
1.190018 20.502975
1.198236 20.458811
