0.012626 14.609339
0.033811 14.689255
0.105639 14.756877
0.193479 14.790389
0.207897 14.893196
0.221323 14.800694
0.230681 14.814001
0.254770 14.816714
0.348542 14.896318
0.351826 14.873738
0.353771 14.894849
0.359593 14.829789
0.359844 14.809336
0.367197 14.821859
0.376548 14.784232
0.400636 14.822579
0.497699 14.891428
0.517324 14.925169
0.578448 14.721759
0.629376 13.942142
0.775249 14.215118
0.782839 14.314283
0.817092 14.332505
0.854024 14.386430
0.888080 14.443935
0.928649 14.536832
0.962962 14.573258
1.012626 14.609339
1.033811 14.689255
1.105639 14.756877
1.193479 14.790389
