0.066000 16.717676
0.115631 16.744798
0.241545 16.805512
0.249822 16.804839
0.250460 16.818059
0.272995 16.825480
0.382154 16.818947
0.407832 16.854123
0.417155 16.882321
0.475741 16.931238
0.482261 16.945158
0.484998 16.933876
0.551987 16.523102
0.566424 16.422513
0.597802 16.206466
0.619824 16.141628
0.660192 16.144656
0.661107 16.121624
0.670160 16.132666
0.732637 16.283875
0.746089 16.321480
0.804990 16.413359
0.865498 16.487960
0.921786 16.553662
0.931168 16.561727
0.937051 16.574838
1.066000 16.717676
1.115631 16.744798
