0.002053 18.108036
0.022381 18.011553
0.081914 18.165280
0.086381 18.181146
0.105470 18.239403
0.107010 18.144954
0.201046 18.303611
0.253013 18.293051
0.273256 18.304078
0.281596 18.302414
0.286350 18.330533
0.306909 18.320567
0.369242 18.315750
0.397830 18.251601
0.423138 18.304386
0.484585 18.364146
0.496986 18.246316
0.559927 18.232964
0.600468 18.429646
0.600821 18.299051
0.613223 18.289809
0.805253 18.008760
0.871885 17.984726
0.885820 18.107022
0.893425 18.042409
0.931810 18.093961
0.970195 18.226811
0.990861 18.152458
1.002053 18.108036
1.022381 18.011553
1.081914 18.165280
1.086381 18.181146
1.105470 18.239403
1.107010 18.144954
