0.019845 18.246373
0.040189 18.311694
0.057140 18.417446
0.108802 18.457083
0.161289 18.315075
0.172075 18.365558
0.223736 18.466346
0.225840 18.402058
0.234922 18.500531
0.241736 18.544954
0.293420 18.420973
0.303523 18.342300
0.349848 18.419397
0.356669 18.338969
0.467739 18.025364
0.479319 18.301997
0.498317 18.484713
0.581621 18.144369
0.613254 18.330526
0.618470 18.155055
0.620517 18.121166
0.652453 18.154487
0.741290 18.186882
0.767430 18.133311
0.794144 18.117698
0.849462 18.141598
0.856224 18.165286
0.964364 18.152569
1.019845 18.246373
1.040189 18.311694
1.057140 18.417446
1.108802 18.457083
1.161289 18.315075
1.172075 18.365558
