0.052195 19.674049
0.067943 19.683542
0.085330 19.708175
0.117976 19.692934
0.201785 19.834643
0.280406 19.776369
0.335448 19.800331
0.336939 19.775526
0.343541 19.976465
0.364736 19.967516
0.372884 19.938901
0.410970 19.787038
0.422215 19.808859
0.462853 19.719082
0.477127 19.784407
0.478746 19.788080
0.479723 19.750620
0.514690 19.797004
0.653424 18.981311
0.769228 19.207522
0.795352 19.069218
0.815933 19.347692
0.817265 19.495882
0.832879 19.378489
0.838376 19.320156
0.891748 19.479416
0.910415 19.550984
0.926336 19.582866
1.052195 19.674049
1.067943 19.683542
1.085330 19.708175
1.117976 19.692934
