0.035842 19.430681
0.171204 19.557712
0.181255 19.529830
0.309950 19.595394
0.318339 19.585890
0.392229 19.582685
0.412743 19.564750
0.429286 19.647643
0.438709 19.657726
0.505332 19.681323
0.510166 19.627429
0.533835 19.471844
0.538463 19.401178
0.549529 19.300761
0.557980 19.265097
0.567401 19.152557
0.587328 19.071282
0.634026 18.845141
0.638859 18.834381
0.673124 18.988449
0.698560 19.003103
0.713921 19.079356
0.779090 19.129810
0.825492 19.230733
0.842614 19.278271
0.864886 19.290620
0.868490 19.263275
0.893658 19.303974
0.954184 19.355900
1.035842 19.430681
1.171204 19.557712
1.181255 19.529830
