0.039722 19.512305
0.054600 19.455207
0.153037 19.569064
0.235492 19.588086
0.258738 19.580606
0.364178 19.571334
0.372149 19.555074
0.375958 19.550448
0.395421 19.597078
0.426272 19.561584
0.480504 19.605901
0.496388 19.649274
0.500833 19.638939
0.504576 19.679283
0.567108 19.386482
0.617212 18.955437
0.658450 18.716674
0.742574 18.911407
0.821678 19.298020
0.822526 19.184752
0.841156 19.166120
0.877955 19.226096
0.892384 19.227833
0.917944 19.243453
0.928327 19.334214
0.993311 19.398171
1.039722 19.512305
1.054600 19.455207
1.153037 19.569064
