0.000127 18.156813
0.039924 18.178789
0.040166 18.201047
0.059918 18.248306
0.081387 18.216781
0.107678 18.131535
0.113960 18.285721
0.115903 18.283382
0.139460 18.260296
0.155433 18.309013
0.163516 18.293197
0.173704 18.306160
0.211273 18.335529
0.229425 18.305157
0.254972 18.268135
0.259024 18.327401
0.279023 18.299186
0.289214 18.332552
0.294867 18.312465
0.326781 18.336791
0.382619 18.354957
0.410375 18.379891
0.430374 18.417233
0.438638 18.370648
0.450366 18.399373
0.479646 18.337430
0.483816 18.355760
0.498083 18.276007
0.504180 18.206966
0.545595 18.196814
0.545882 18.044831
0.553964 18.043220
0.601678 17.909212
0.643791 17.963280
0.649475 17.898179
0.669471 17.932574
0.671252 17.987200
0.680201 17.992648
0.717230 17.988023
0.773068 18.040087
0.795711 18.043196
0.820824 18.079216
0.856050 18.108086
0.888575 18.147934
0.924692 18.144129
0.936332 18.186465
0.965880 18.150740
0.992171 18.205079
1.000127 18.156813
1.039924 18.178789
1.040166 18.201047
1.059918 18.248306
1.081387 18.216781
1.107678 18.131535
1.113960 18.285721
1.115903 18.283382
1.139460 18.260296
1.155433 18.309013
1.163516 18.293197
1.173704 18.306160
