0.002415 19.208698
0.086481 19.307318
0.128596 19.337460
0.171596 19.359072
0.189431 19.357306
0.244948 19.382158
0.264626 19.363261
0.307678 19.400559
0.326327 19.400594
0.391964 19.420754
0.432964 19.468703
0.438687 19.450618
0.542185 19.188590
0.574769 18.886258
0.608489 18.635326
0.635524 18.597167
0.640265 18.625828
0.706987 18.785962
0.720557 18.803057
0.739420 18.859177
0.744571 18.852684
0.771554 18.890601
0.817259 19.017309
0.845475 19.059760
0.856638 19.044044
0.875501 19.043005
0.982972 19.182266
0.999908 19.222128
1.002415 19.208698
1.086481 19.307318
1.128596 19.337460
1.171596 19.359072
1.189431 19.357306
