0.095776 19.260430
0.108738 19.336493
0.123828 19.340365
0.162504 19.311949
0.212696 19.309076
0.224830 19.283131
0.241640 19.265052
0.310117 19.296052
0.419337 19.281249
0.423248 19.419796
0.486578 19.249429
0.532887 19.175455
0.553524 19.039977
0.554430 19.183015
0.600085 19.192172
0.630617 19.143004
0.667938 19.110909
0.689136 19.138014
0.723552 19.144873
0.744125 19.130447
0.773112 19.155517
0.886577 19.193607
0.919141 19.195780
0.940123 19.229395
0.942517 19.216565
0.982268 19.232393
0.995229 19.236333
1.095776 19.260430
1.108738 19.336493
1.123828 19.340365
1.162504 19.311949
