0.067197 18.975895
0.096508 18.994464
0.127230 19.071002
0.142691 18.993333
0.167622 19.154815
0.195875 19.007391
0.232220 19.014993
0.241743 19.278980
0.256280 19.059936
0.261529 19.067798
0.282047 19.243870
0.390178 19.144403
0.391940 19.206799
0.417759 19.156718
0.432565 19.193668
0.436404 19.144996
0.443468 19.151708
0.508649 19.033981
0.555253 18.813420
0.568279 19.023056
0.570480 18.333646
0.573316 18.705081
0.637764 18.688758
0.654386 18.237078
0.659910 18.325997
0.690965 18.444636
0.708978 18.671193
0.720274 18.755693
0.737145 18.697736
0.753012 18.708755
0.766422 18.761111
0.795572 18.698140
0.802732 18.850888
0.819607 18.751298
0.848922 18.842648
0.863812 18.743158
0.867498 18.882100
0.878029 18.733995
0.895147 18.761603
0.931486 18.874992
0.984685 18.977087
0.991519 18.900312
0.999526 18.941944
1.067197 18.975895
1.096508 18.994464
1.127230 19.071002
1.142691 18.993333
1.167622 19.154815
1.195875 19.007391
