0.005277 19.158013
0.014949 19.232635
0.066188 19.295110
0.076092 19.321019
0.092644 19.290212
0.103989 19.288156
0.231059 19.356519
0.249226 19.474362
0.351598 19.390696
0.395589 19.364338
0.405136 19.369159
0.449466 19.378267
0.480429 19.304023
0.490053 19.144039
0.533991 19.090363
0.543538 18.982998
0.548048 19.054404
0.587816 18.873764
0.759264 18.900609
0.839133 19.013266
0.866875 19.046442
0.897758 19.119720
0.927786 20.812120
0.930181 19.075156
1.005277 19.158013
1.014949 19.232635
1.066188 19.295110
1.076092 19.321019
1.092644 19.290212
1.103989 19.288156
