0.005538 18.912729
0.016543 18.927062
0.027542 18.940737
0.041152 18.957531
0.052114 18.969008
0.060419 18.905828
0.063161 18.957853
0.074155 18.986391
0.082172 18.970395
0.093458 18.885275
0.104460 19.021809
0.129073 19.109183
0.140079 19.087133
0.159356 19.083023
0.170323 19.118130
0.181376 19.106573
0.194967 19.097599
0.216946 19.113236
0.239025 19.068045
0.247199 19.157625
0.258290 19.109844
0.269294 19.120198
0.282892 19.127702
0.315911 18.985423
0.324186 19.129735
0.326903 19.055256
0.335154 19.122875
0.357210 19.085200
0.370815 19.097523
0.390064 19.077925
0.394954 19.035616
0.401091 19.093708
0.434127 19.076516
0.447722 19.117851
0.450508 19.037984
0.477993 19.117316
0.480745 19.108207
0.491738 19.107957
0.499986 19.159457
0.524626 19.113372
0.535646 19.118635
0.557650 18.953127
0.568659 18.760104
0.576941 18.719989
0.588212 18.355326
0.598960 18.504262
0.609959 18.443834
0.612552 18.429162
0.612626 18.652623
0.623568 18.395561
0.634530 18.374779
0.637034 18.235458
0.642822 18.356242
0.645625 18.348306
0.653846 18.342878
0.656573 18.388185
0.664817 18.387598
0.675874 18.411107
0.700476 18.471397
0.705218 18.451583
0.711489 18.526807
0.722495 18.408038
0.733494 18.541496
0.736161 18.340966
0.741771 18.549706
0.744485 18.557027
0.752739 18.576707
0.760570 18.443316
0.763793 18.586709
0.774793 18.639515
0.777382 18.649351
0.781053 18.645191
0.788399 18.597754
0.799362 18.667292
0.803811 18.647772
0.807650 18.674574
0.810412 18.668774
0.818676 18.740217
0.821366 18.606880
0.821407 18.720490
0.829695 18.774478
0.834347 18.705576
0.840706 18.750171
0.841721 18.673964
0.851710 18.737494
0.865307 18.750727
0.876321 18.800516
0.887281 18.826227
0.895578 18.828568
0.898328 18.801741
0.906601 18.837313
0.909320 18.803813
0.917570 18.817811
0.928625 18.844811
0.939627 18.845189
0.942212 18.862813
0.964194 18.850942
0.975245 18.870301
0.986266 18.873162
1.005538 18.912729
1.016543 18.927062
1.027542 18.940737
1.041152 18.957531
1.052114 18.969008
1.060419 18.905828
1.063161 18.957853
1.074155 18.986391
1.082172 18.970395
1.093458 18.885275
1.104460 19.021809
1.129073 19.109183
1.140079 19.087133
1.159356 19.083023
1.170323 19.118130
1.181376 19.106573
1.194967 19.097599
