0.020794 19.362775
0.024941 19.178795
0.039818 19.361773
0.078306 19.116780
0.085649 19.234425
0.113147 19.219391
0.146108 19.409009
0.150140 19.486623
0.165133 19.382668
0.168775 19.425606
0.203619 19.399174
0.231071 19.450227
0.238412 19.358268
0.297393 19.417461
0.321588 19.482157
0.356431 19.457595
0.382665 19.455649
0.382670 19.416450
0.383930 19.380039
0.391223 19.472426
0.395203 19.358414
0.457383 19.477835
0.474413 19.401111
0.507980 19.443407
0.509243 19.386548
0.520518 18.726243
0.536562 18.885864
0.536741 19.318031
0.551248 18.849369
0.592368 18.672129
0.604342 18.958828
0.642928 18.702735
0.644998 18.619762
0.654712 18.656982
0.661875 18.887835
0.662054 19.014441
0.689552 18.815833
0.730068 18.576159
0.745181 18.872754
0.768241 18.812563
0.770313 18.955371
0.780026 18.847759
0.782084 19.011025
0.807524 18.835260
0.814818 18.802927
0.855394 18.880317
0.897994 19.104057
0.932837 19.079123
0.960335 19.062575
0.989810 19.295016
0.997546 19.190119
1.020794 19.362775
1.024941 19.178795
1.039818 19.361773
1.078306 19.116780
1.085649 19.234425
1.113147 19.219391
1.146108 19.409009
1.150140 19.486623
1.165133 19.382668
1.168775 19.425606
