0.018538 19.254247
0.035392 19.281068
0.301042 19.335940
0.314700 19.355678
0.340573 19.358647
0.353531 19.335355
0.369569 19.375203
0.406353 19.390658
0.428119 19.364663
0.429369 19.399982
0.440765 19.399335
0.450390 19.436509
0.463347 19.376401
0.539185 19.305847
0.550590 19.256513
0.594144 19.185918
0.625484 19.186480
0.630961 19.203730
0.689509 19.135098
0.721047 19.116268
0.726547 19.110209
0.735301 19.103095
0.828590 19.141783
0.837471 19.137518
0.938445 19.197202
0.942851 19.204545
0.999093 19.274007
1.018538 19.254247
1.035392 19.281068
