0.022087 19.649650
0.024200 19.708481
0.032075 19.677296
0.068590 19.712470
0.072756 19.612267
0.081305 19.750819
0.127167 19.771473
0.141998 19.739770
0.179800 19.717727
0.198781 19.731578
0.228850 19.474534
0.249894 19.651984
0.251034 19.588234
0.344557 19.641758
0.354870 19.675073
0.368572 19.698327
0.377009 19.717569
0.381277 19.711288
0.407237 19.718936
0.427127 19.684648
0.441929 19.747259
0.553329 19.022392
0.585743 18.916977
0.585743 18.915779
0.617142 19.524513
0.679350 18.773197
0.707231 19.757786
0.711771 19.005086
0.772401 17.859315
0.893928 19.051181
0.906055 19.607357
0.945395 19.678878
0.955282 19.674980
1.022087 19.649650
1.024200 19.708481
1.032075 19.677296
1.068590 19.712470
1.072756 19.612267
1.081305 19.750819
1.127167 19.771473
1.141998 19.739770
1.179800 19.717727
1.198781 19.731578
