0.015162 19.212819
0.028989 19.273533
0.135763 19.231534
0.230898 19.257643
0.253749 19.284223
0.270827 19.299121
0.281053 19.326127
0.283348 19.293803
0.316353 19.425595
0.359906 19.202059
0.391440 19.304657
0.403918 19.303039
0.452505 19.282828
0.472001 19.230338
0.524838 19.148414
0.767441 19.081576
0.788460 19.061656
0.813375 19.047596
0.824628 19.095999
0.856905 19.132385
0.863174 19.162754
0.933945 19.214436
0.945158 19.215127
0.983732 19.277225
1.015162 19.212819
1.028989 19.273533
1.135763 19.231534
