0.025000 19.509518
0.025568 19.329488
0.104445 19.503584
0.111017 19.392552
0.146377 19.509821
0.146935 19.495468
0.215252 19.568362
0.225816 19.529436
0.228500 19.495172
0.232398 19.372595
0.235476 19.503033
0.262532 19.526260
0.311518 19.486701
0.349826 19.522635
0.354542 19.470624
0.359505 19.534853
0.387943 19.477948
0.475922 19.480964
0.480883 19.465406
0.516331 18.908001
0.524189 19.235157
0.572637 18.888643
0.637663 18.905978
0.645566 19.289713
0.672764 19.494720
0.694384 18.909173
0.701797 18.951452
0.704943 19.229371
0.823073 19.070677
0.831849 18.812327
0.920425 19.016263
0.926341 19.378468
0.953226 18.891119
0.993839 19.400842
1.025000 19.509518
1.025568 19.329488
1.104445 19.503584
1.111017 19.392552
1.146377 19.509821
1.146935 19.495468
