0.030271 19.824251
0.046211 19.968104
0.069091 20.243085
0.153760 19.941917
0.193300 20.003433
0.230229 19.984905
0.272676 19.999513
0.280216 19.994326
0.287531 20.051995
0.328017 19.997294
0.364352 19.326723
0.406435 19.883400
0.456565 19.020488
0.507460 19.527916
0.590335 18.993437
0.602241 19.022652
0.641217 19.675686
0.683284 19.291486
0.896909 19.389614
0.913938 19.774789
0.928585 19.973653
0.930907 20.045063
1.030271 19.824251
1.046211 19.968104
1.069091 20.243085
1.153760 19.941917
1.193300 20.003433
