0.005031 17.044320
0.029288 17.048453
0.046583 17.090997
0.054002 17.099615
0.111131 17.147567
0.130139 17.136915
0.173514 17.147656
0.187733 17.160911
0.215059 17.160586
0.244808 17.189537
0.245067 17.186108
0.263872 17.170776
0.305940 17.202646
0.307240 17.197929
0.323313 17.243676
0.329023 17.198840
0.353104 17.220468
0.462749 17.316975
0.480796 17.159839
0.554971 16.870484
0.573400 16.778834
0.601949 16.737903
0.618084 16.623046
0.688702 16.782437
0.691509 16.635445
0.692725 16.584681
0.735682 16.796537
0.825249 16.830213
0.845380 16.878107
0.912842 16.985373
0.926751 16.965889
0.979070 17.013786
1.005031 17.044320
1.029288 17.048453
1.046583 17.090997
1.054002 17.099615
1.111131 17.147567
1.130139 17.136915
1.173514 17.147656
1.187733 17.160911
