0.033214 19.452057
0.051366 19.548802
0.096923 19.574229
0.191285 19.865092
0.278539 19.635607
0.310519 19.587081
0.317083 19.760917
0.363055 19.649274
0.364930 19.509215
0.373695 19.571381
0.397822 19.449167
0.435099 19.735161
0.460168 19.565352
0.484161 19.570504
0.492923 19.654102
0.495705 19.553847
0.550500 19.586782
0.554330 19.519210
0.560647 19.487969
0.579404 19.420892
0.642461 19.328997
0.665011 19.279018
0.669731 19.277876
0.783051 19.408131
0.844445 19.341792
0.926276 19.481087
0.948825 19.393141
0.974050 19.413404
0.977639 19.553003
1.033214 19.452057
1.051366 19.548802
1.096923 19.574229
1.191285 19.865092
