0.136168 19.218485
0.138717 19.230916
0.146641 19.149251
0.210790 19.279680
0.233092 19.285050
0.268044 19.312970
0.277139 19.346312
0.291254 19.351403
0.308244 19.318132
0.362904 19.386569
0.377711 19.349663
0.384294 19.377907
0.425622 19.319203
0.452870 19.334736
0.454638 19.320092
0.485212 19.238268
0.507523 19.154465
0.528924 19.075415
0.533718 19.075560
0.565716 18.943744
0.570247 18.925492
0.588009 18.830714
0.600307 18.795863
0.643686 18.678462
0.657800 18.649422
0.678348 18.618713
0.679620 18.649802
0.710336 18.644214
0.721943 18.667020
0.732627 18.630162
0.744963 18.703279
0.748989 18.733621
0.788272 18.832867
0.798889 18.811482
0.802417 18.822062
0.815030 18.831195
0.866560 18.972068
0.888855 18.962515
0.893671 18.977130
0.959657 19.062949
0.984913 19.103163
0.994106 19.144409
0.996316 19.138661
1.136168 19.218485
1.138717 19.230916
1.146641 19.149251
