0.041365 15.550978
0.071038 15.578471
0.075144 15.582872
0.085140 15.591970
0.087118 15.600621
0.099160 15.615813
0.101014 15.617570
0.125830 15.640135
0.138063 15.654555
0.142713 15.658117
0.216875 15.707989
0.220975 15.714390
0.230934 15.715289
0.235635 15.720727
0.244996 15.720885
0.259012 15.717573
0.271717 15.719746
0.282046 15.722260
0.283890 15.716821
0.296161 15.694623
0.302210 15.712461
0.318219 15.708373
0.427874 15.684474
0.441990 15.669947
0.448109 15.681353
0.464116 15.707086
0.531648 15.752340
0.578067 15.258695
0.582188 15.235725
0.582756 15.153168
0.592129 15.057553
0.632940 14.761479
0.709848 14.949092
0.723904 14.991616
0.728021 15.022136
0.728585 15.020476
0.737965 15.029039
0.752026 15.065395
0.759623 15.094322
0.774987 15.141507
0.778769 15.168272
0.789048 15.173835
0.905449 15.367811
0.920815 15.398705
0.934932 15.424479
0.941272 15.421131
0.955121 15.443635
0.968842 15.454242
0.971134 15.460705
0.996871 15.483710
1.041365 15.550978
1.071038 15.578471
1.075144 15.582872
1.085140 15.591970
1.087118 15.600621
1.099160 15.615813
1.101014 15.617570
1.125830 15.640135
1.138063 15.654555
1.142713 15.658117
