0.000944 15.914182
0.020028 15.924611
0.045729 15.960810
0.075554 15.994909
0.079315 15.999752
0.110171 16.010509
0.124094 16.038888
0.126068 16.056188
0.128444 16.052217
0.135571 16.046145
0.146576 16.038374
0.154615 16.039498
0.169101 16.060763
0.172273 16.068036
0.213942 16.084850
0.224780 16.047563
0.225422 16.085972
0.244794 16.047589
0.258979 16.092903
0.303679 16.133196
0.359405 16.078317
0.363202 16.092889
0.366183 16.074469
0.383062 16.084926
0.445538 16.158455
0.456021 16.149866
0.470053 16.183132
0.483770 16.196571
0.497788 16.189732
0.500812 16.206842
0.517774 16.148577
0.536358 16.050210
0.574167 15.626475
0.590597 15.490332
0.624235 15.292816
0.669019 15.366624
0.670988 15.362358
0.680495 15.401252
0.708805 15.460610
0.714067 15.483087
0.803887 15.673808
0.815170 15.668783
0.818311 15.655561
0.821268 15.700254
0.848697 15.729294
0.851797 15.713393
0.911049 15.812936
0.940930 15.836784
0.949759 15.861860
0.991441 15.904836
1.000944 15.914182
1.020028 15.924611
1.045729 15.960810
1.075554 15.994909
1.079315 15.999752
1.110171 16.010509
1.124094 16.038888
1.126068 16.056188
1.128444 16.052217
1.135571 16.046145
1.146576 16.038374
1.154615 16.039498
1.169101 16.060763
1.172273 16.068036
