0.008809 16.786330
0.022986 16.905085
0.042280 16.838670
0.061423 16.875238
0.070433 16.854846
0.072387 16.831570
0.074985 16.820278
0.075760 16.855776
0.105842 16.816382
0.118449 16.832407
0.131986 16.923007
0.139319 16.880030
0.139349 17.026402
0.172797 16.881937
0.183107 17.020258
0.186840 16.938419
0.206254 16.904022
0.222151 16.929270
0.234802 16.899148
0.255672 16.841525
0.285765 17.041537
0.298998 17.035568
0.319231 17.036327
0.322608 16.991991
0.338406 17.105538
0.352712 17.087436
0.400829 16.985071
0.402119 17.006466
0.415391 16.977015
0.419659 16.920148
0.435584 16.950400
0.469064 16.870633
0.474719 17.088685
0.486557 17.100074
0.499148 16.868908
0.511754 16.966158
0.520577 16.708711
0.532623 16.590979
0.549383 16.638309
0.566103 16.516471
0.591170 16.772305
0.599521 16.554292
0.615502 16.511322
0.628106 16.713674
0.636971 16.379115
0.648976 16.554840
0.679075 16.526374
0.681648 16.592686
0.682455 16.613919
0.712536 16.586445
0.721018 16.505212
0.746016 16.666342
0.793504 16.588885
0.795430 16.614558
0.812940 16.719649
0.830381 16.665237
0.862368 16.687465
0.892412 16.694761
0.925927 16.747583
0.929296 16.795991
0.946744 16.740924
0.958580 16.758037
0.959408 16.798361
1.008809 16.786330
1.022986 16.905085
1.042280 16.838670
1.061423 16.875238
1.070433 16.854846
1.072387 16.831570
1.074985 16.820278
1.075760 16.855776
1.105842 16.816382
1.118449 16.832407
1.131986 16.923007
1.139319 16.880030
1.139349 17.026402
1.172797 16.881937
1.183107 17.020258
1.186840 16.938419
