0.017695 17.889252
0.029541 17.898764
0.045449 17.858467
0.062351 17.954938
0.072862 17.939205
0.085886 17.949704
0.116414 17.915159
0.151594 17.972075
0.160429 17.964615
0.190090 17.973401
0.228814 18.001950
0.272879 17.906164
0.292379 18.015719
0.302487 18.029237
0.312985 18.024280
0.362383 18.092336
0.368629 18.079561
0.425340 18.097002
0.474781 18.077911
0.483545 17.912983
0.496357 17.928159
0.505757 17.999489
0.570022 17.627271
0.606525 17.565794
0.608713 17.622378
0.682376 17.713003
0.692879 17.615319
0.708736 17.671165
0.736468 17.679690
0.750103 17.695453
0.773320 17.662268
0.805320 17.725605
0.810200 17.827425
0.821187 17.773603
0.871003 17.800927
0.874089 17.799087
0.876296 17.790012
0.917129 17.814231
0.949954 17.868659
0.973477 17.862287
0.983394 17.870749
0.988694 17.890074
1.017695 17.889252
1.029541 17.898764
1.045449 17.858467
1.062351 17.954938
1.072862 17.939205
1.085886 17.949704
1.116414 17.915159
1.151594 17.972075
1.160429 17.964615
1.190090 17.973401
