0.011322 17.222557
0.081087 17.345906
0.228363 17.458450
0.231767 17.474001
0.252626 17.451565
0.253371 17.454538
0.257701 17.327229
0.353165 17.433073
0.378987 17.462583
0.403307 17.475790
0.448554 17.450592
0.475002 17.490022
0.501985 17.540484
0.538757 17.482749
0.625742 16.433563
0.634090 16.437740
0.711828 16.642935
0.762613 16.756774
0.767582 16.839161
0.775565 16.803554
0.782012 16.836716
0.807170 16.893246
0.860585 16.982085
0.913279 17.071771
0.918245 17.163489
0.926246 17.103360
0.932693 17.124605
1.011322 17.222557
1.081087 17.345906
