0.030853 20.206009
0.039351 20.189586
0.062879 20.194562
0.068719 20.247516
0.093805 20.208247
0.100758 20.253580
0.105752 20.236354
0.118777 20.198337
0.123575 20.233681
0.173167 20.120583
0.185162 20.247951
0.204900 20.356094
0.229924 20.324873
0.234476 20.119950
0.259796 20.280261
0.283253 20.347891
0.294333 20.353452
0.309379 20.409298
0.339219 20.328044
0.419368 20.251070
0.424858 20.255040
0.430517 20.397910
0.457805 20.292365
0.521702 20.415223
0.529053 20.363337
0.554098 20.027310
0.561093 20.209939
0.579064 19.839105
0.583921 19.796345
0.595450 19.795353
0.633508 19.561581
0.658488 19.546914
0.663337 19.553481
0.690267 19.463477
0.715129 19.590342
0.738723 19.728464
0.744570 19.756227
0.754670 19.779834
0.769679 19.772876
0.799505 19.892557
0.890851 20.068578
0.894683 19.997880
0.910316 19.966286
0.969619 20.130396
1.030853 20.206009
1.039351 20.189586
1.062879 20.194562
1.068719 20.247516
1.093805 20.208247
1.100758 20.253580
1.105752 20.236354
1.118777 20.198337
1.123575 20.233681
1.173167 20.120583
1.185162 20.247951
