0.049882 19.693585
0.075192 19.708309
0.087071 19.777532
0.129635 19.752408
0.198279 19.500904
0.240808 19.781000
0.291928 19.805290
0.325601 19.862292
0.335520 19.892491
0.356861 19.848334
0.357201 19.914350
0.391759 19.973679
0.406527 19.919655
0.431800 19.927799
0.438637 19.865678
0.446729 20.003771
0.462887 19.940183
0.467948 19.863753
0.483025 19.875762
0.535847 19.559300
0.556536 19.504775
0.562741 19.465106
0.574054 19.333440
0.603321 19.299042
0.613373 19.261570
0.647024 19.305916
0.671150 19.298518
0.673908 19.339000
0.674089 19.321976
0.696417 19.355092
0.711338 19.414799
0.747637 19.450483
0.822505 19.559267
0.838661 19.554192
0.858379 19.582598
0.938685 19.627043
0.949828 19.674514
0.969544 19.638662
0.988718 19.681421
1.049882 19.693585
1.075192 19.708309
1.087071 19.777532
1.129635 19.752408
1.198279 19.500904
