0.022797 16.895988
0.043963 16.929757
0.059015 16.931636
0.077264 16.947965
0.109019 16.962628
0.124166 16.996192
0.127738 16.987602
0.141331 16.997026
0.166849 16.997679
0.186509 17.007460
0.203676 17.017660
0.240288 17.018917
0.290929 17.021436
0.317788 17.018382
0.334954 17.028486
0.335253 17.002128
0.374984 17.046007
0.421481 17.117322
0.440181 17.108149
0.517593 17.051968
0.531192 16.941144
0.552745 16.701046
0.552763 16.715251
0.571462 16.662323
0.597520 16.511276
0.603401 16.473811
0.648861 16.430121
0.665293 16.460590
0.683963 16.498028
0.771387 16.662414
0.796562 16.678200
0.879339 16.767027
0.902608 16.789320
0.910043 16.806587
0.912696 16.796498
0.945985 16.829370
0.992890 16.884171
0.996469 16.875035
1.022797 16.895988
1.043963 16.929757
1.059015 16.931636
1.077264 16.947965
1.109019 16.962628
1.124166 16.996192
1.127738 16.987602
1.141331 16.997026
1.166849 16.997679
1.186509 17.007460
