0.003290 17.656759
0.012520 17.699964
0.026820 17.704733
0.031130 17.706423
0.129741 17.784850
0.138971 17.782680
0.157588 17.768239
0.166943 17.742755
0.220718 17.819161
0.235066 17.815060
0.285610 17.779818
0.293352 17.798153
0.314623 17.803394
0.396358 17.905812
0.411904 17.899012
0.412061 17.891520
0.430682 17.903509
0.435423 17.917913
0.522819 17.742312
0.538368 17.557142
0.557182 17.479969
0.561874 17.469449
0.572977 17.469468
0.585073 17.405093
0.594409 17.353460
0.615584 17.291369
0.625983 17.274205
0.676710 17.305104
0.699441 17.355189
0.707544 17.355929
0.711527 17.382029
0.715786 17.355199
0.742092 17.419093
0.756136 17.438014
0.833995 17.516592
0.842249 17.512557
0.858171 17.520639
0.865939 17.541464
0.867735 17.521138
0.882552 17.581657
0.984574 17.659650
0.994198 17.645608
1.003290 17.656759
1.012520 17.699964
1.026820 17.704733
1.031130 17.706423
1.129741 17.784850
1.138971 17.782680
1.157588 17.768239
1.166943 17.742755
