0.000153 18.009936
0.028886 18.012879
0.048034 18.052176
0.048696 18.061779
0.087762 18.079352
0.096097 18.152499
0.142130 18.127803
0.146215 18.168543
0.170968 18.092121
0.183765 18.159616
0.188524 18.142795
0.190257 18.092360
0.269153 18.220680
0.292714 18.171985
0.311461 18.168202
0.388280 18.228979
0.388728 18.231639
0.415692 18.219395
0.511618 18.116480
0.557651 17.838074
0.604080 17.634046
0.605764 17.702793
0.633064 17.649880
0.667342 17.680987
0.680576 17.686675
0.680903 17.618577
0.703977 17.651355
0.708305 17.630786
0.712116 17.738787
0.727014 17.715067
0.755418 17.770188
0.790227 17.828832
0.791851 17.861389
0.804213 17.833436
0.835041 17.912335
0.885841 17.895231
0.891105 17.937656
0.897660 17.967703
0.905962 17.890127
0.914774 17.987931
0.925691 18.033760
0.925759 17.936058
0.927137 17.976325
0.964829 17.961716
0.973126 18.004611
0.980153 18.012634
1.000153 18.009936
1.028886 18.012879
1.048034 18.052176
1.048696 18.061779
1.087762 18.079352
1.096097 18.152499
1.142130 18.127803
1.146215 18.168543
1.170968 18.092121
1.183765 18.159616
1.188524 18.142795
1.190257 18.092360
