0.000083 17.503763
0.008270 17.535498
0.020343 17.564315
0.026847 17.542635
0.044136 17.565301
0.076212 17.561651
0.156363 17.618534
0.173604 17.649171
0.328632 17.678292
0.419983 17.781186
0.453019 17.763025
0.458149 17.716117
0.458723 17.672704
0.496404 17.810662
0.521132 17.452919
0.540957 17.380955
0.582537 17.229038
0.588241 17.236096
0.670490 17.196957
0.681967 17.257417
0.691793 17.054977
0.852517 17.360361
0.878706 17.421739
0.890776 17.449601
0.946694 17.462801
0.982050 17.514627
1.000083 17.503763
1.008270 17.535498
1.020343 17.564315
1.026847 17.542635
1.044136 17.565301
1.076212 17.561651
1.156363 17.618534
1.173604 17.649171
