0.006343 17.139666
0.008998 17.143220
0.011575 17.126574
0.038195 17.151270
0.100170 17.181151
0.128663 17.205617
0.131302 17.216730
0.205016 17.244938
0.222428 17.237256
0.330603 17.272722
0.433013 17.336282
0.452924 17.317978
0.537943 17.035936
0.555318 16.987519
0.596073 17.105961
0.631302 16.872117
0.846441 17.012114
0.847876 17.021069
0.889254 17.043967
0.913894 17.075561
0.968772 17.101105
1.006343 17.139666
1.008998 17.143220
1.011575 17.126574
1.038195 17.151270
1.100170 17.181151
1.128663 17.205617
1.131302 17.216730
