0.006360 17.814247
0.017202 17.804553
0.124728 17.901102
0.208440 17.874292
0.234947 17.911183
0.252911 17.953809
0.259007 17.942167
0.262469 17.948407
0.264917 17.960209
0.291143 17.923922
0.372683 17.955669
0.387581 17.969312
0.396792 17.942652
0.402651 17.993644
0.455116 17.916203
0.505642 17.903214
0.520842 17.811052
0.592796 17.590136
0.643375 17.375438
0.783473 17.517031
0.828520 17.572006
0.868626 17.632495
0.911651 17.701063
0.941900 17.740846
0.953503 17.708204
0.963282 17.730233
0.966261 17.782067
0.990026 17.792554
1.006360 17.814247
1.017202 17.804553
1.124728 17.901102
