0.058657 17.611333
0.118222 17.839719
0.147520 17.854497
0.171687 17.871629
0.178855 17.865639
0.184369 17.814051
0.234387 17.821548
0.238463 17.836885
0.259438 17.851777
0.267803 17.755660
0.284307 17.831571
0.404369 17.746661
0.432471 17.664874
0.453409 17.821170
0.462972 17.659547
0.482854 17.715634
0.512131 17.648461
0.573652 17.739735
0.583205 17.550092
0.632330 17.562439
0.718680 17.499781
0.753025 17.603368
0.765253 17.493126
0.769036 17.502436
0.790594 17.792518
0.818952 17.548972
0.885491 17.748518
0.910890 17.756957
0.939186 17.648099
1.058657 17.611333
1.118222 17.839719
1.147520 17.854497
1.171687 17.871629
1.178855 17.865639
1.184369 17.814051
