0.019037 20.057233
0.118614 20.056165
0.154805 20.133127
0.195520 20.183408
0.212788 20.178468
0.285145 20.117451
0.285910 20.183327
0.290611 20.147905
0.323495 20.192392
0.369359 20.292150
0.414355 20.058819
0.417484 20.179359
0.420857 20.116076
0.421616 19.882404
0.426331 20.183664
0.441695 20.265932
0.442872 20.248516
0.529333 20.152690
0.535754 20.092733
0.550022 20.174977
0.595933 19.741810
0.646081 19.324280
0.665051 19.526044
0.671513 19.311066
0.715606 19.599210
0.731651 19.719446
0.765898 19.779824
0.901605 19.902446
0.982953 19.958484
1.019037 20.057233
1.118614 20.056165
1.154805 20.133127
1.195520 20.183408
