0.049530 14.445221
0.089255 14.447961
0.172271 14.499455
0.242834 14.490515
0.259518 14.512564
0.284068 14.507141
0.358328 14.542802
0.365575 14.545071
0.381387 14.566635
0.400175 14.574057
0.402183 14.611451
0.406812 14.596073
0.510968 14.308153
0.512810 14.562009
0.551657 14.255125
0.563634 14.183216
0.589000 14.061397
0.604209 14.057404
0.633509 14.100091
0.635554 13.963193
0.650481 13.964003
0.674366 14.055535
0.711744 14.122446
0.726942 14.080907
0.887181 14.281634
0.953565 14.344495
0.966478 14.353915
1.049530 14.445221
1.089255 14.447961
1.172271 14.499455
