0.006208 19.400022
0.031593 19.450756
0.043939 19.597213
0.106633 19.538589
0.117620 19.633762
0.178720 19.590779
0.227418 19.647272
0.267183 19.607196
0.319118 19.512995
0.400603 19.600713
0.405141 19.622204
0.414434 19.636287
0.439911 19.556406
0.466162 19.605931
0.480202 19.579991
0.514917 19.610522
0.521428 19.362312
0.586989 19.356424
0.589588 19.389451
0.594508 19.603124
0.600980 19.282008
0.611383 19.092522
0.630053 19.221716
0.701975 19.728741
0.709311 19.359540
0.715302 19.299802
0.816699 19.372417
0.822758 19.340696
0.834579 19.356199
0.877108 19.349587
0.878473 19.444050
0.910797 19.451221
0.917584 19.402132
0.937481 19.379354
0.955375 19.477715
0.996851 19.453550
0.997901 19.605904
1.006208 19.400022
1.031593 19.450756
1.043939 19.597213
1.106633 19.538589
1.117620 19.633762
1.178720 19.590779
