0.012418 20.769136
0.020362 20.669959
0.038315 20.625012
0.073285 20.767273
0.176428 20.884273
0.185456 20.865208
0.224961 20.869667
0.279564 20.652274
0.337197 20.849010
0.391455 21.083388
0.431561 20.770196
0.452662 20.823804
0.543779 20.486165
0.555797 20.711703
0.564870 20.453557
0.633036 20.715973
0.659197 20.529777
0.684744 20.620846
0.686778 20.609953
0.693910 20.629135
0.733500 20.524156
0.778954 20.653589
0.797046 20.639980
0.806142 20.805161
0.823958 20.615643
0.835672 20.612564
0.845757 20.539823
0.900185 20.668780
0.944275 20.697020
0.947950 20.660947
0.951895 20.663517
1.012418 20.769136
1.020362 20.669959
1.038315 20.625012
1.073285 20.767273
1.176428 20.884273
1.185456 20.865208
