0.006466 18.701704
0.031928 18.704661
0.032883 18.844601
0.038136 18.753357
0.091239 18.739814
0.137092 18.830836
0.159658 18.920835
0.201666 18.685959
0.206968 18.728937
0.237931 18.727139
0.238115 18.795284
0.272710 18.809601
0.325527 18.965051
0.328488 18.773191
0.406891 18.772801
0.441545 18.916199
0.509258 18.709720
0.541333 18.780317
0.544663 18.594335
0.585456 18.409091
0.623071 18.678582
0.630028 18.486084
0.639302 18.634062
0.678166 18.605214
0.778510 18.408320
0.808775 18.422766
0.837627 18.647964
0.894613 18.643217
0.968248 18.791576
1.006466 18.701704
1.031928 18.704661
1.032883 18.844601
1.038136 18.753357
1.091239 18.739814
1.137092 18.830836
1.159658 18.920835
