0.015126 16.393956
0.025741 16.411515
0.049344 16.420984
0.074817 16.434041
0.097058 16.457886
0.157496 16.521559
0.186178 16.506611
0.190132 16.509173
0.191803 16.511228
0.272175 16.519427
0.299959 16.540379
0.307120 16.543711
0.343569 16.578808
0.349744 16.585983
0.354500 16.580071
0.384342 16.624501
0.415272 16.655695
0.447614 16.651872
0.451680 16.662811
0.488411 16.565327
0.514340 16.420221
0.529620 16.320657
0.596513 16.043947
0.650916 16.005553
0.692844 16.074082
0.731467 16.113812
0.771797 16.169489
0.800999 16.227520
0.826200 16.229423
0.871862 16.274403
0.877976 16.284367
0.908371 16.304088
0.928722 16.318138
0.934358 16.341038
0.966426 16.368005
0.966632 16.365986
0.986128 16.386731
0.988903 16.370401
1.015126 16.393956
1.025741 16.411515
1.049344 16.420984
1.074817 16.434041
1.097058 16.457886
1.157496 16.521559
1.186178 16.506611
1.190132 16.509173
1.191803 16.511228
