0.111390 18.031666
0.118511 18.045551
0.126402 18.089790
0.255711 18.076755
0.326209 18.065052
0.358482 18.070143
0.389558 18.125791
0.495745 18.135922
0.537956 17.993968
0.637094 17.298266
0.647361 17.525040
0.651698 17.359271
0.652981 17.308887
0.665536 17.334506
0.675206 17.397986
0.677360 17.328223
0.713060 17.482287
0.774354 17.566864
0.788954 17.663126
0.802793 17.641077
0.814620 17.611069
0.829107 17.614014
0.834505 17.760127
0.837150 17.776160
0.938789 17.812653
0.960338 17.911477
0.971767 17.908994
0.974077 17.899673
0.974454 17.945300
0.979696 17.832647
0.988904 17.960082
0.989152 17.941742
0.999519 17.941257
1.111390 18.031666
1.118511 18.045551
1.126402 18.089790
