0.029687 14.319381
0.031050 14.333259
0.040436 14.336052
0.091022 14.391754
0.133206 14.439393
0.136469 14.456600
0.158806 14.398029
0.174652 14.478841
0.177393 14.438174
0.186382 14.453998
0.280704 14.418332
0.283097 14.505710
0.311131 14.429348
0.311662 14.537290
0.315842 14.513952
0.417111 14.481658
0.417668 14.476169
0.462572 14.527259
0.467309 14.453542
0.484928 14.372896
0.503568 14.543508
0.536353 14.542284
0.555998 14.092752
0.599574 14.114292
0.604320 13.896458
0.641932 13.702396
0.664212 13.744217
0.692936 13.991313
0.703563 14.011442
0.743778 13.949819
0.838579 14.085399
0.880783 14.146281
0.886714 14.180467
0.943159 14.253007
0.948029 14.270198
0.975590 14.288877
0.979701 14.299796
0.990345 14.257635
0.996151 14.265508
0.999414 14.294203
1.029687 14.319381
1.031050 14.333259
1.040436 14.336052
1.091022 14.391754
1.133206 14.439393
1.136469 14.456600
1.158806 14.398029
1.174652 14.478841
1.177393 14.438174
1.186382 14.453998
