0.030086 15.162654
0.045142 15.275318
0.053555 15.211705
0.066205 15.259502
0.092013 15.320417
0.094664 15.214477
0.128628 15.327624
0.145256 15.305428
0.180619 15.378420
0.199506 15.365510
0.203748 15.349436
0.206347 15.269099
0.221207 15.312972
0.261215 15.387507
0.292313 15.396532
0.302462 15.336893
0.311192 15.387383
0.317760 15.347849
0.317969 15.359982
0.319392 15.360746
0.332087 15.382856
0.369619 15.340054
0.414153 15.346482
0.429444 15.408535
0.429638 15.455376
0.431118 15.372857
0.443770 15.400111
0.501892 15.407553
0.542367 15.222086
0.577036 14.774617
0.634944 14.629046
0.637331 14.940839
0.676080 14.730929
0.688722 14.627624
0.695286 14.755034
0.696958 14.770373
0.709409 14.877016
0.749021 14.941992
0.764234 14.953240
0.767734 14.900644
0.806971 14.942280
0.811529 15.049725
0.821087 15.005464
0.830268 14.971251
0.879418 15.039573
0.923207 15.120534
0.941904 15.100660
0.941915 15.096759
0.954563 15.134522
0.995379 15.187037
1.030086 15.162654
1.045142 15.275318
1.053555 15.211705
1.066205 15.259502
1.092013 15.320417
1.094664 15.214477
1.128628 15.327624
1.145256 15.305428
1.180619 15.378420
1.199506 15.365510
