0.000233 16.913073
0.060881 16.985524
0.115288 17.003991
0.125825 17.011214
0.126518 17.015626
0.130893 17.015577
0.131454 17.004159
0.132056 17.017799
0.134771 17.009552
0.139367 17.006914
0.150437 17.029266
0.187230 17.033694
0.202585 17.049340
0.206604 17.057455
0.220793 17.062347
0.257850 17.067167
0.261159 17.062847
0.265713 17.063969
0.276728 17.075692
0.280690 17.064522
0.296303 17.062950
0.301227 17.071466
0.305044 17.074478
0.332953 17.072784
0.396496 17.147706
0.407030 17.165177
0.416014 17.173556
0.426555 17.182223
0.427560 17.187269
0.431383 17.193873
0.438614 17.213532
0.448173 17.222367
0.493018 17.195783
0.542307 16.820350
0.552896 16.703918
0.561835 16.672066
0.574472 16.580669
0.577498 16.537929
0.638265 16.430354
0.647855 16.399109
0.688199 16.486611
0.703837 16.519181
0.707707 16.522183
0.710092 16.528911
0.723372 16.554481
0.793735 16.669605
0.830762 16.718354
0.834095 16.723760
0.836441 16.729035
0.837154 16.731509
0.843083 16.737762
0.849712 16.748686
0.851801 16.748996
0.853624 16.748019
0.864666 16.780933
0.875266 16.777754
0.901911 16.836991
0.920025 16.835503
0.963504 16.881120
0.965623 16.886221
0.969424 16.885353
0.979916 16.894732
0.988900 16.900976
1.000233 16.913073
1.060881 16.985524
1.115288 17.003991
1.125825 17.011214
1.126518 17.015626
1.130893 17.015577
1.131454 17.004159
1.132056 17.017799
1.134771 17.009552
1.139367 17.006914
1.150437 17.029266
1.187230 17.033694
