0.004018 14.743678
0.031532 14.759645
0.036310 14.770154
0.048221 14.769756
0.099581 14.802809
0.101389 14.814638
0.103956 14.820477
0.152183 14.825983
0.156953 14.849341
0.220710 14.870757
0.224596 14.868419
0.305900 14.879627
0.341349 14.918890
0.396184 14.954840
0.435075 14.961828
0.511523 14.807130
0.555723 14.588319
0.585929 14.535164
0.628461 14.323388
0.671461 14.375488
0.691754 14.493278
0.716828 14.440074
0.727946 14.518752
0.749102 14.494052
0.788488 14.565716
0.792097 14.541758
0.807586 14.581166
0.816796 14.570330
0.832459 14.615747
0.842905 14.618348
0.848596 14.630510
0.873108 14.647863
0.886061 14.665405
0.909170 14.674938
0.928222 14.686638
0.953112 14.705574
0.978888 14.729539
0.980735 14.734150
0.993759 14.735140
1.004018 14.743678
1.031532 14.759645
1.036310 14.770154
1.048221 14.769756
1.099581 14.802809
1.101389 14.814638
1.103956 14.820477
1.152183 14.825983
1.156953 14.849341
