0.004174 17.622519
0.006012 17.622167
0.011607 17.612065
0.029697 17.632236
0.050762 17.657289
0.071729 17.695391
0.086180 17.694699
0.097756 17.699361
0.128263 17.736785
0.130081 17.712836
0.131905 17.720879
0.155643 17.734905
0.165144 17.727564
0.176659 17.735772
0.178615 17.745525
0.197676 17.812622
0.199626 17.696168
0.220630 17.750991
0.229590 17.767987
0.251385 17.731322
0.254173 17.756101
0.257179 17.760040
0.304501 17.758951
0.306466 17.761101
0.325524 17.742016
0.327465 17.741093
0.346529 17.743004
0.348507 17.756483
0.369477 17.751134
0.383132 17.774188
0.385927 17.775782
0.455317 17.871289
0.474339 17.869037
0.476330 17.888608
0.497349 17.837475
0.551079 17.491332
0.581216 17.335643
0.602227 17.227652
0.604126 17.214753
0.623199 17.169519
0.625194 17.166659
0.637077 17.156787
0.646157 17.166005
0.663704 17.081691
0.721303 17.297627
0.730071 17.313020
0.751092 17.347325
0.753034 17.340464
0.774058 17.377002
0.789615 17.345097
0.795054 17.400918
0.878884 17.493571
0.880891 17.496811
0.885713 17.496909
0.899955 17.519698
0.901897 17.520724
0.920954 17.535855
0.922728 17.539551
0.943897 17.572005
0.957495 17.584598
0.960320 17.585385
0.977150 17.613644
0.983945 17.595393
1.004174 17.622519
1.006012 17.622167
1.011607 17.612065
1.029697 17.632236
1.050762 17.657289
1.071729 17.695391
1.086180 17.694699
1.097756 17.699361
1.128263 17.736785
1.130081 17.712836
1.131905 17.720879
1.155643 17.734905
1.165144 17.727564
1.176659 17.735772
1.178615 17.745525
1.197676 17.812622
1.199626 17.696168
