0.001691 15.135763
0.043223 15.180226
0.122701 15.233998
0.124630 15.238300
0.158784 15.254736
0.170537 15.277123
0.183903 15.279833
0.188241 15.283667
0.212004 15.304850
0.242821 15.330587
0.278627 15.326006
0.287278 15.322195
0.296324 15.315044
0.301136 15.320885
0.320089 15.306369
0.379982 15.363546
0.381916 15.371932
0.395365 15.397130
0.395688 15.403313
0.409225 15.417663
0.416064 15.428240
0.441176 15.455820
0.449111 15.470514
0.456512 15.477799
0.503729 15.414212
0.543393 15.119329
0.549262 15.046137
0.553588 14.938152
0.651543 14.512997
0.661690 14.539556
0.666506 14.586942
0.677884 14.591816
0.706376 14.664554
0.713739 14.657026
0.718232 14.688880
0.785922 14.812797
0.806541 14.846824
0.814456 14.865364
0.819971 14.885987
0.821862 14.869552
0.826268 14.892267
0.846652 14.915455
0.954734 15.080045
0.959688 15.096713
1.001691 15.135763
1.043223 15.180226
1.122701 15.233998
1.124630 15.238300
1.158784 15.254736
1.170537 15.277123
1.183903 15.279833
1.188241 15.283667
