0.022747 18.205902
0.045739 18.222510
0.057848 18.232642
0.066768 18.259047
0.108778 18.311155
0.133103 18.397404
0.154083 18.330807
0.177130 18.375319
0.200072 18.384473
0.220065 18.398855
0.241802 18.440776
0.262143 18.390723
0.287371 18.422553
0.293748 18.341048
0.307802 18.380119
0.338679 18.391029
0.396198 18.376791
0.416531 18.393573
0.418781 18.379494
0.432762 18.380611
0.505685 18.462942
0.521432 18.456851
0.587092 17.846402
0.632441 17.400758
0.646201 17.424837
0.655475 17.435565
0.714701 17.618015
0.721767 17.647993
0.773020 17.801534
0.783884 17.805168
0.786072 17.806686
0.874483 17.999198
0.903463 18.030592
0.938216 18.068472
0.954445 18.116850
0.968570 18.118104
0.979875 18.138199
0.999752 18.159497
1.022747 18.205902
1.045739 18.222510
1.057848 18.232642
1.066768 18.259047
1.108778 18.311155
1.133103 18.397404
1.154083 18.330807
1.177130 18.375319
