0.014112 16.935399
0.024649 17.004120
0.035221 16.941433
0.106328 17.087793
0.124910 16.972740
0.127122 16.983016
0.184055 17.065926
0.237183 17.098342
0.237684 17.039807
0.256379 17.052037
0.258678 17.066079
0.285895 17.072529
0.337824 17.089640
0.348355 17.049948
0.367072 17.092800
0.368735 17.139947
0.369288 17.092455
0.375182 17.168616
0.458980 17.085959
0.461295 17.261038
0.469290 17.191193
0.495856 17.133743
0.497209 16.984611
0.502134 17.052992
0.506759 17.078666
0.557202 16.686292
0.569516 16.554827
0.571314 16.642716
0.588409 16.712177
0.590534 16.613791
0.680214 16.603124
0.681869 16.535070
0.682426 16.627035
0.685819 16.550143
0.688867 16.650061
0.701156 16.659725
0.760999 16.670249
0.782461 16.723804
0.793044 16.746287
0.811770 16.757038
0.812368 16.752950
0.813932 16.770482
0.817383 16.755040
0.884472 16.862524
0.893094 16.853551
0.903618 16.817281
0.914026 16.886748
0.917681 16.869524
0.924054 16.896600
0.924573 16.872102
0.974781 16.961148
1.014112 16.935399
1.024649 17.004120
1.035221 16.941433
1.106328 17.087793
1.124910 16.972740
1.127122 16.983016
1.184055 17.065926
