0.039689 18.332499
0.045417 18.337826
0.062082 18.424304
0.102799 18.326395
0.108239 18.470009
0.111742 18.338086
0.138392 18.461539
0.193806 18.493423
0.214592 18.388255
0.270532 18.493194
0.320945 18.579178
0.321410 18.523112
0.465054 18.536173
0.472856 18.562889
0.498101 18.611091
0.538405 18.336493
0.613568 17.919435
0.623915 17.762507
0.668780 17.939573
0.686863 17.939888
0.719456 17.892418
0.728212 17.833582
0.785086 17.959497
0.803230 18.069874
0.808269 18.027968
0.817238 18.073332
0.819169 18.061334
0.861244 18.112046
0.867912 18.093212
0.876663 18.113322
0.891274 18.165301
0.951693 18.234795
0.954344 18.231489
0.956728 18.237434
0.967580 18.277864
1.039689 18.332499
1.045417 18.337826
1.062082 18.424304
1.102799 18.326395
1.108239 18.470009
1.111742 18.338086
1.138392 18.461539
1.193806 18.493423
