0.043306 19.621836
0.049785 19.638824
0.056691 19.689065
0.081054 19.742719
0.114944 19.756499
0.174074 19.785021
0.192761 19.819120
0.288430 19.808672
0.291767 19.772448
0.317053 19.859554
0.326151 19.819982
0.381755 19.783103
0.394763 19.812414
0.421456 19.875167
0.469142 19.981255
0.628783 18.967487
0.649775 18.939613
0.689790 19.098240
0.719541 19.135911
0.722039 19.245027
0.722500 19.224618
0.735166 19.215123
0.743275 19.257564
0.747797 19.267340
0.771769 19.327023
0.792809 19.294512
0.818272 19.355203
0.865077 19.523014
0.865484 19.475480
0.886207 19.468496
0.890778 19.453653
0.900408 19.452458
0.913740 19.481767
0.938124 19.520172
0.972007 19.578298
1.043306 19.621836
1.049785 19.638824
1.056691 19.689065
1.081054 19.742719
1.114944 19.756499
1.174074 19.785021
1.192761 19.819120
