0.114339 17.574224
0.138961 17.606904
0.206653 17.631293
0.217297 17.705412
0.233974 17.624294
0.287663 17.662561
0.298805 17.709376
0.350748 17.674146
0.367765 17.607588
0.395793 17.626869
0.440468 17.603144
0.472517 17.744188
0.497129 17.759963
0.546279 17.477803
0.564778 17.412463
0.622477 16.864546
0.647600 16.807639
0.662713 16.765340
0.753559 17.064028
0.757328 17.066088
0.812437 17.187860
0.819254 17.220965
0.904031 17.340762
0.906375 17.347401
0.907810 17.341999
0.981181 17.432210
0.988486 17.446694
0.992588 17.463278
1.114339 17.574224
1.138961 17.606904
