0.047549 16.818745
0.066138 16.847008
0.079206 16.857903
0.080077 16.867879
0.115169 16.908303
0.152657 16.949721
0.211334 17.003231
0.263440 16.990493
0.270004 16.992249
0.290203 16.974416
0.321418 16.946777
0.348138 16.986640
0.349179 16.976149
0.356857 16.969194
0.393644 16.957936
0.401033 16.958955
0.406699 16.945846
0.407589 16.862638
0.407600 16.953208
0.459052 16.955540
0.477297 16.987358
0.519101 17.057592
0.531236 17.016970
0.544284 16.983088
0.545181 16.966159
0.598047 16.267159
0.656696 16.118686
0.684313 16.179021
0.705945 16.227931
0.758797 16.377812
0.804801 16.465226
0.821959 16.516757
0.843527 16.523890
0.896440 16.627594
0.928549 16.670400
0.941619 16.680458
0.942509 16.684586
0.977583 16.742690
0.987604 16.736671
1.047549 16.818745
1.066138 16.847008
1.079206 16.857903
1.080077 16.867879
1.115169 16.908303
1.152657 16.949721
