0.073500 19.974905
0.094289 20.000089
0.095069 19.956222
0.148040 20.023857
0.170602 19.987279
0.207693 20.000055
0.239779 20.065747
0.281620 19.980216
0.284256 20.138248
0.288339 19.894413
0.292279 20.050266
0.294424 20.014051
0.368845 20.032320
0.421913 20.036075
0.425846 19.997311
0.441561 20.006788
0.479880 20.003329
0.488543 20.114892
0.497215 20.064562
0.502421 20.042735
0.514794 19.989077
0.557697 20.046235
0.575124 20.018274
0.797819 19.984483
0.925824 19.491219
0.931390 19.802084
0.966309 19.835277
0.973909 19.481200
1.073500 19.974905
1.094289 20.000089
1.095069 19.956222
1.148040 20.023857
1.170602 19.987279
