0.045735 16.285398
0.101400 16.315402
0.102899 16.311553
0.113437 16.324589
0.235270 16.353802
0.243283 16.356699
0.252036 16.364870
0.385889 16.410007
0.446528 16.372640
0.458776 16.371323
0.491361 16.321678
0.532559 16.228738
0.569408 16.073917
0.592204 15.973654
0.593708 15.967055
0.597145 15.961703
0.609393 15.901318
0.613284 15.907750
0.641984 15.850360
0.683200 15.829443
0.719144 15.854955
0.742842 15.885364
0.744343 15.886999
0.869765 16.068094
0.870498 16.062004
0.884767 16.096450
0.942633 16.169066
0.962770 16.186661
1.045735 16.285398
1.101400 16.315402
1.102899 16.311553
1.113437 16.324589
