0.076519 18.288488
0.085846 18.272058
0.186459 18.340925
0.195940 18.334128
0.240293 18.357078
0.298052 18.388242
0.305854 18.379923
0.317919 18.373481
0.326861 18.399480
0.351902 18.464741
0.417462 18.485653
0.423223 18.501034
0.429524 18.492618
0.471989 18.431767
0.549035 18.080167
0.688849 17.923251
0.696077 17.928334
0.800442 18.057953
0.807684 18.046441
0.825370 18.100198
0.884080 18.159976
0.920838 18.172424
0.930289 18.159938
0.964929 18.220795
0.995689 18.224773
1.076519 18.288488
1.085846 18.272058
1.186459 18.340925
1.195940 18.334128
