0.014857 18.397517
0.019898 18.393284
0.041925 18.433519
0.048755 18.419193
0.053185 18.401449
0.073033 18.406724
0.084005 18.413345
0.096376 18.440845
0.215912 18.494458
0.263553 18.494791
0.289869 18.503578
0.293474 18.536003
0.393036 18.646756
0.460624 18.727191
0.470479 18.707592
0.611376 17.874699
0.613789 17.853061
0.638061 17.871449
0.645848 17.860673
0.661478 17.914383
0.725581 18.000299
0.778529 18.098307
0.780942 18.103143
0.828652 18.173386
0.847681 18.216712
0.852743 18.226894
0.886005 18.259380
0.892737 18.239031
0.916764 18.293735
0.958133 18.365498
1.014857 18.397517
1.019898 18.393284
1.041925 18.433519
1.048755 18.419193
1.053185 18.401449
1.073033 18.406724
1.084005 18.413345
1.096376 18.440845
