0.013661 16.844055
0.033647 16.826263
0.047616 16.853685
0.092609 16.693725
0.142153 16.807172
0.158572 17.109972
0.194366 16.726169
0.208062 16.930745
0.268172 16.882968
0.287956 16.961631
0.295270 17.025214
0.302413 17.066514
0.340220 16.874856
0.353898 17.010988
0.365475 16.896784
0.394784 16.992618
0.408738 17.025655
0.523994 16.490085
0.540634 16.829722
0.649539 16.489599
0.669830 16.704482
0.671808 16.384831
0.794992 16.236968
0.812520 16.412401
0.817661 16.618082
0.867871 16.662278
0.901764 16.703565
0.920999 16.347928
0.946832 16.458026
0.958301 16.655659
1.013661 16.844055
1.033647 16.826263
1.047616 16.853685
1.092609 16.693725
1.142153 16.807172
1.158572 17.109972
1.194366 16.726169
