0.025889 16.563387
0.056726 16.610347
0.086390 16.637285
0.123520 16.678895
0.138762 16.682187
0.239191 16.706244
0.254564 16.711553
0.334867 16.737805
0.410508 16.735196
0.440042 16.775226
0.490894 16.846421
0.495015 16.849365
0.510157 16.830208
0.529310 16.783476
0.584266 16.143834
0.596092 15.989185
0.630607 15.807546
0.651061 15.880774
0.716835 16.041031
0.761401 16.158358
0.786632 16.197255
0.807442 16.246954
0.869899 16.349067
0.873944 16.359050
0.900740 16.404063
0.917449 16.426449
0.930311 16.439918
0.955704 16.473619
0.963473 16.486526
0.967473 16.487568
0.982734 16.506849
1.025889 16.563387
1.056726 16.610347
1.086390 16.637285
1.123520 16.678895
1.138762 16.682187
