0.065876 13.820636
0.069270 13.845410
0.074544 13.893726
0.132426 13.876821
0.141013 13.932042
0.170869 13.998891
0.224846 13.983638
0.240462 14.034504
0.250084 13.989169
0.270061 13.939223
0.290818 14.002720
0.308495 14.051493
0.362479 14.032525
0.387716 13.995214
0.393484 14.012121
0.402127 14.069651
0.539749 13.985209
0.551811 13.593257
0.606072 13.573098
0.682878 13.342901
0.705610 13.214448
0.732957 13.162996
0.807649 13.612914
0.813402 13.496871
0.820500 13.404816
0.843285 13.546381
0.844127 13.453076
0.867326 13.608339
0.981746 13.716008
0.995619 13.844301
1.065876 13.820636
1.069270 13.845410
1.074544 13.893726
1.132426 13.876821
1.141013 13.932042
1.170869 13.998891
