0.035339 16.291262
0.064511 16.309904
0.121215 16.339426
0.163969 16.366401
0.183665 16.356246
0.213942 16.359444
0.229494 16.361104
0.258620 16.353723
0.271301 16.386150
0.274419 16.392342
0.328841 16.375370
0.348367 16.367798
0.377863 16.416041
0.390463 16.409560
0.404917 16.411833
0.438258 16.455365
0.467439 16.450322
0.497655 16.373469
0.524170 16.240674
0.586640 16.077033
0.620519 15.953072
0.621721 16.044491
0.632373 15.974594
0.661587 15.982310
0.674253 15.951802
0.678462 15.945893
0.730171 16.040089
0.731849 16.015775
0.739776 16.034746
0.740932 16.060611
0.751616 16.072601
0.773359 16.103507
0.780785 16.099376
0.797672 16.096612
0.845145 16.135115
0.851012 16.132302
0.855747 16.155139
0.900595 16.194427
0.945765 16.226482
0.984685 16.255922
1.035339 16.291262
1.064511 16.309904
1.121215 16.339426
1.163969 16.366401
1.183665 16.356246
