0.043269 16.221131
0.061619 16.231125
0.070850 16.221553
0.087782 16.261306
0.088530 16.232333
0.126023 16.261573
0.184357 16.276197
0.192756 16.304496
0.201031 16.294561
0.201972 16.295463
0.251010 16.318717
0.313774 16.340171
0.315442 16.325003
0.332198 16.323581
0.355406 16.365808
0.428896 16.443179
0.441480 16.458513
0.444892 16.468022
0.481719 16.478699
0.514122 16.369860
0.572647 15.854025
0.612852 15.620249
0.627579 15.618453
0.645257 15.634274
0.651728 15.639729
0.671599 15.666498
0.758713 15.847898
0.782862 15.887097
0.804503 15.927804
0.840944 15.985937
0.956644 16.132091
0.972063 16.139859
0.994835 16.156639
1.043269 16.221131
1.061619 16.231125
1.070850 16.221553
1.087782 16.261306
1.088530 16.232333
1.126023 16.261573
1.184357 16.276197
1.192756 16.304496
