0.007609 15.915429
0.061065 15.948566
0.100598 15.978246
0.101359 15.988722
0.112109 15.989897
0.210465 16.030714
0.252934 16.042201
0.301132 16.032317
0.309145 16.036257
0.316567 16.058486
0.337083 16.062216
0.364347 16.101960
0.379618 16.116674
0.402092 16.119951
0.402947 16.140776
0.413683 16.126597
0.427814 16.137748
0.490980 15.988974
0.528836 15.849521
0.579386 15.735229
0.599691 15.670803
0.659026 15.621652
0.726377 15.698768
0.729355 15.689955
0.784483 15.757208
0.792569 15.776529
0.807251 15.779677
0.880891 15.824901
0.933936 15.878763
0.934108 15.870031
0.934350 15.867029
1.007609 15.915429
1.061065 15.948566
1.100598 15.978246
1.101359 15.988722
1.112109 15.989897
