0.040129 17.370094
0.052280 17.396536
0.058197 17.335650
0.063159 17.302806
0.089021 17.278253
0.222190 17.369006
0.228779 17.333989
0.240977 17.397997
0.367740 17.459138
0.376664 17.412197
0.410969 17.444520
0.440655 17.457067
0.455278 17.470829
0.478765 17.457945
0.538235 17.357619
0.556467 16.473602
0.603880 16.896640
0.653584 16.516399
0.667488 16.414688
0.678075 16.757728
0.726960 16.702437
0.792575 16.654173
0.842240 16.746638
0.869498 17.189609
0.874677 17.098174
0.900301 17.090581
0.991430 17.341597
1.040129 17.370094
1.052280 17.396536
1.058197 17.335650
1.063159 17.302806
1.089021 17.278253
