0.016059 15.714522
0.129522 15.847025
0.132376 15.823267
0.170335 15.853876
0.187871 15.863553
0.233348 15.863758
0.243700 15.858452
0.251101 15.868854
0.286652 15.872791
0.329646 15.896944
0.372644 15.884322
0.391450 15.918870
0.483346 16.039750
0.496738 16.036702
0.545707 15.855767
0.555090 15.715690
0.599126 14.946536
0.607995 14.863156
0.610878 15.029063
0.637600 14.845758
0.651012 14.916947
0.653873 14.861277
0.696867 15.004677
0.762331 15.248249
0.765155 15.206793
0.803906 15.301121
0.808149 15.303528
0.851144 15.399420
0.858588 15.448175
0.913574 15.519065
0.958184 15.602427
1.016059 15.714522
1.129522 15.847025
1.132376 15.823267
1.170335 15.853876
1.187871 15.863553
