0.018391 15.804001
0.033329 15.807582
0.060984 15.878401
0.083769 15.852442
0.092558 15.833632
0.166877 15.967909
0.168906 15.892477
0.218114 15.968527
0.260706 15.993150
0.283499 16.036134
0.292256 15.950906
0.319395 15.967944
0.339644 16.033485
0.385856 16.017801
0.434342 16.060402
0.439406 15.936979
0.493855 16.028137
0.584857 15.766798
0.585583 15.383399
0.722834 15.121101
0.756924 15.401577
0.815045 15.421945
0.833679 15.444749
0.844072 15.550227
0.909735 15.635346
0.922478 15.632119
0.967178 15.737500
0.969179 15.720778
0.976673 15.748263
1.018391 15.804001
1.033329 15.807582
1.060984 15.878401
1.083769 15.852442
1.092558 15.833632
1.166877 15.967909
1.168906 15.892477
