0.003736 15.878411
0.017478 15.848195
0.050555 15.916262
0.095934 15.964467
0.111573 15.905105
0.225015 15.966905
0.286592 16.014406
0.378668 16.110664
0.393184 16.094435
0.397223 16.093011
0.400007 16.122228
0.400856 16.080104
0.475727 16.057451
0.589082 15.462157
0.609644 15.215902
0.634099 15.219238
0.667136 15.494435
0.711574 15.501325
0.723061 15.392757
0.726415 15.477526
0.780594 15.641238
0.784234 15.511166
0.824989 15.644697
0.825975 15.645613
0.839832 15.686557
0.890337 15.741865
1.003736 15.878411
1.017478 15.848195
1.050555 15.916262
1.095934 15.964467
1.111573 15.905105
