0.006061 18.012483
0.049371 18.047166
0.142538 18.117447
0.190498 18.174394
0.219818 18.179665
0.229981 18.167298
0.300761 18.213533
0.371161 18.260148
0.419841 18.358273
0.528311 18.043085
0.555734 17.793671
0.567770 17.730047
0.618928 17.385187
0.669362 17.521511
0.696913 17.573834
0.708894 17.581583
0.852643 17.906959
0.880961 17.915515
0.894124 17.874860
0.915384 17.956729
0.954841 17.955902
0.964897 17.978104
0.993745 18.012080
1.006061 18.012483
1.049371 18.047166
1.142538 18.117447
1.190498 18.174394
