0.049411 16.046102
0.102228 16.068852
0.117173 16.044640
0.129212 16.052291
0.215995 16.122889
0.234913 16.134338
0.245728 16.158817
0.272707 16.137061
0.359494 16.151189
0.391029 16.184146
0.392228 16.199989
0.437977 16.248118
0.458679 16.197743
0.509522 16.192715
0.535702 16.028150
0.581453 15.589993
0.602228 15.494886
0.614268 15.452367
0.653018 15.352819
0.729905 15.558235
0.757765 15.617792
0.813024 15.690050
0.839061 15.743590
0.893404 15.845856
0.905970 15.877594
0.943783 15.893556
0.956390 15.899824
0.977413 15.928661
1.049411 16.046102
1.102228 16.068852
1.117173 16.044640
1.129212 16.052291
