0.011992 16.173842
0.060616 16.240747
0.094651 16.281714
0.157616 16.323927
0.199346 16.336544
0.234928 16.360654
0.237020 16.343200
0.300419 16.368951
0.327208 16.361671
0.377243 16.408214
0.399414 16.368996
0.446124 16.477869
0.535588 16.150945
0.541748 16.391485
0.588460 15.702345
0.639165 15.598128
0.641548 15.603072
0.646747 15.580353
0.677926 15.722563
0.718215 15.734284
0.789082 15.876018
0.860494 15.976152
0.869658 16.005068
0.880539 16.013152
0.910569 16.064857
1.011992 16.173842
1.060616 16.240747
1.094651 16.281714
1.157616 16.323927
1.199346 16.336544
