0.012611 17.767426
0.055004 17.799349
0.061106 17.798033
0.077494 17.799142
0.088682 17.816672
0.089952 17.808481
0.137022 17.834239
0.179392 17.860714
0.214361 17.840619
0.263441 18.134411
0.357233 17.932915
0.358130 17.949143
0.363226 17.948547
0.373615 17.942270
0.384814 17.970740
0.387768 17.997136
0.487632 17.564828
0.498019 17.530890
0.678499 17.434865
0.783757 17.556964
0.802887 17.573492
0.804108 17.591409
0.827019 17.621553
0.886911 17.663462
0.908165 17.681047
0.937598 17.704579
0.942702 17.711676
0.953088 17.712469
1.012611 17.767426
1.055004 17.799349
1.061106 17.798033
1.077494 17.799142
1.088682 17.816672
1.089952 17.808481
1.137022 17.834239
1.179392 17.860714
