0.035076 16.460928
0.059802 16.465797
0.119865 16.490619
0.142768 16.475164
0.158300 16.504607
0.167170 16.533418
0.230997 16.564882
0.290481 16.579811
0.308158 16.589384
0.363121 16.605595
0.418508 16.659672
0.440303 16.738605
0.481760 16.657151
0.550603 16.288191
0.668706 15.935148
0.720532 16.072592
0.754847 16.143662
0.773565 16.174531
0.793077 16.172545
0.886994 16.321955
0.903076 16.337619
0.925174 16.336371
1.035076 16.460928
1.059802 16.465797
1.119865 16.490619
1.142768 16.475164
1.158300 16.504607
1.167170 16.533418
