0.042981 19.965553
0.072039 19.750748
0.152350 19.823076
0.214931 20.030449
0.232751 19.847203
0.266249 19.828601
0.270150 19.853611
0.288432 19.802783
0.290739 19.915351
0.346362 19.967799
0.368784 19.807963
0.393313 19.950711
0.406182 19.864411
0.426768 19.965394
0.459268 19.969315
0.465846 19.519361
0.595332 19.301181
0.598849 19.866843
0.601882 19.695008
0.612222 19.415458
0.670210 19.278548
0.692578 19.363723
0.735221 18.958307
0.748251 19.386186
0.750559 19.471525
0.806243 19.638258
0.828609 19.546746
0.830948 19.581493
0.843229 19.770207
0.870850 19.947980
0.886589 19.568230
0.908953 19.601444
1.042981 19.965553
1.072039 19.750748
1.152350 19.823076
