0.000432 16.884560
0.032153 16.933395
0.043121 16.958374
0.063305 16.977673
0.070597 16.988454
0.126060 17.031259
0.132846 17.026563
0.156145 17.039275
0.164429 17.089396
0.175468 17.050365
0.231034 17.057679
0.288473 17.098155
0.375814 17.094459
0.424972 17.162173
0.490662 17.205737
0.540458 16.970102
0.546174 16.855625
0.595575 16.241960
0.615756 16.201855
0.623059 16.212869
0.672836 16.324347
0.678571 16.347522
0.690449 16.374325
0.719762 16.441255
0.727974 16.464395
0.822848 16.647891
0.852243 16.688975
0.862781 16.627681
0.888801 16.719014
0.920457 16.785277
0.928271 16.802768
0.930904 16.803720
0.993713 16.889743
1.000432 16.884560
1.032153 16.933395
1.043121 16.958374
1.063305 16.977673
1.070597 16.988454
1.126060 17.031259
1.132846 17.026563
1.156145 17.039275
1.164429 17.089396
1.175468 17.050365
