0.006061 16.252257
0.020539 16.274120
0.044165 16.317263
0.115487 16.388011
0.116711 16.399243
0.182055 16.378145
0.210704 16.446410
0.245778 16.463511
0.271132 16.453989
0.286568 16.443083
0.346881 16.463887
0.367248 16.465885
0.382397 16.470455
0.407960 16.460105
0.416866 16.484382
0.427761 16.474925
0.442166 16.500164
0.446424 16.506609
0.538331 16.480843
0.579045 15.958488
0.598841 15.584138
0.617478 15.451630
0.693795 15.587787
0.789006 15.869767
0.829441 15.966517
0.849392 16.009628
0.863919 16.040500
0.864879 16.038064
0.870155 16.072904
0.873143 16.060105
0.945626 16.159641
0.959046 16.213907
0.975230 16.221779
1.006061 16.252257
1.020539 16.274120
1.044165 16.317263
1.115487 16.388011
1.116711 16.399243
1.182055 16.378145
