0.004269 17.735382
0.029472 17.713378
0.106072 17.797152
0.107238 17.814551
0.147840 17.793698
0.249588 17.851080
0.326409 17.894975
0.469946 17.715616
0.514692 17.288691
0.525946 17.290926
0.544265 17.181919
0.546748 17.314496
0.569349 17.337533
0.569785 17.335650
0.586585 17.253123
0.669485 17.414577
0.690317 17.463883
0.713327 17.495820
0.774783 17.501728
0.811609 17.528220
0.850250 17.631963
0.918324 17.661061
0.984738 17.712213
0.993789 17.758430
0.999885 17.720053
1.004269 17.735382
1.029472 17.713378
1.106072 17.797152
1.107238 17.814551
1.147840 17.793698
