0.004687 16.959040
0.008322 16.964068
0.034522 16.917703
0.147404 16.922543
0.152753 17.044804
0.160330 17.079639
0.261661 17.135684
0.275575 17.082795
0.291818 17.022834
0.343554 17.136090
0.515377 16.564998
0.520099 16.808151
0.635618 16.175592
0.659292 16.200729
0.659814 16.505894
0.664533 16.533825
0.664740 16.403613
0.672177 16.501776
0.682872 16.527924
0.690777 16.334116
0.705368 16.319206
0.780031 16.478859
0.809173 16.576530
0.833924 16.500349
0.846750 16.734362
0.855281 16.701983
0.917876 16.847435
0.999766 16.910320
1.004687 16.959040
1.008322 16.964068
1.034522 16.917703
1.147404 16.922543
1.152753 17.044804
1.160330 17.079639
