0.001245 20.396529
0.024686 20.523391
0.030122 20.505056
0.032282 20.456658
0.060683 20.319917
0.076701 20.526972
0.096660 20.514115
0.132787 20.523049
0.192251 20.453172
0.228181 20.572723
0.342821 20.853647
0.469270 20.503621
0.588329 20.282980
0.694180 19.758370
0.805212 20.094613
0.868407 20.219495
0.893162 20.421071
0.900692 20.234136
0.973184 20.537516
1.001245 20.396529
1.024686 20.523391
1.030122 20.505056
1.032282 20.456658
1.060683 20.319917
1.076701 20.526972
1.096660 20.514115
1.132787 20.523049
1.192251 20.453172
