0.048817 16.752165
0.049074 16.760205
0.071564 16.767784
0.096909 16.782592
0.126424 16.794948
0.154666 16.806113
0.169270 16.813330
0.171045 16.816590
0.207187 16.830841
0.207209 16.831340
0.240977 16.847335
0.258736 16.838753
0.285591 16.844674
0.290292 16.841610
0.330972 16.855445
0.342849 16.865485
0.420821 16.983189
0.466563 16.985152
0.581599 16.403048
0.613118 16.267148
0.629490 16.268606
0.665713 16.331260
0.713587 16.405590
0.744098 16.444539
0.748691 16.446139
0.750748 16.451174
0.773185 16.482838
0.782452 16.484230
0.846404 16.567621
0.849209 16.567408
0.879738 16.601547
0.884349 16.601129
0.886442 16.615062
0.918127 16.643157
0.961238 16.693899
1.048817 16.752165
1.049074 16.760205
1.071564 16.767784
1.096909 16.782592
1.126424 16.794948
1.154666 16.806113
1.169270 16.813330
1.171045 16.816590
