0.006627 17.977604
0.011704 17.985703
0.037750 18.007654
0.061707 18.027529
0.106316 18.051822
0.117513 18.041823
0.120800 18.067572
0.186823 18.087119
0.231386 18.104110
0.248787 18.096111
0.252302 18.090466
0.260911 18.109093
0.261212 18.102796
0.304448 18.100220
0.305244 18.118692
0.319657 18.103054
0.335479 18.102845
0.373838 18.144337
0.377399 18.158318
0.386329 18.148438
0.460579 18.216544
0.558719 17.792256
0.671658 17.638659
0.683835 17.653321
0.758399 17.759052
0.820909 17.822166
0.881528 17.880751
0.912648 17.906662
0.946027 17.925290
0.951019 17.939504
0.981647 17.951546
1.006627 17.977604
1.011704 17.985703
1.037750 18.007654
1.061707 18.027529
1.106316 18.051822
1.117513 18.041823
1.120800 18.067572
1.186823 18.087119
