0.086509 19.101649
0.111682 19.196633
0.129282 19.086112
0.184804 19.221363
0.197099 19.167785
0.235760 19.311990
0.279444 19.300018
0.328174 19.286101
0.366784 19.349918
0.398450 19.366007
0.410518 19.384016
0.529575 19.134420
0.678824 18.836772
0.681082 18.880959
0.686174 18.826920
0.754431 18.894386
0.799734 18.982710
0.812137 18.970545
0.814740 19.019143
0.817251 18.927096
0.850564 18.842042
0.885504 18.980105
0.945746 19.145993
0.951048 19.034586
0.967446 19.148411
0.998208 19.142036
1.086509 19.101649
1.111682 19.196633
1.129282 19.086112
1.184804 19.221363
1.197099 19.167785
