0.010849 18.246011
0.039691 18.069704
0.061360 18.229688
0.063289 18.283645
0.110249 18.308635
0.193914 18.434616
0.195866 18.441745
0.213965 18.416599
0.220119 18.405312
0.245249 18.409678
0.288284 18.412295
0.290420 18.433360
0.322078 18.465084
0.340011 18.485513
0.355255 18.513409
0.425812 18.661015
0.426307 18.538767
0.449196 18.574633
0.458981 18.578646
0.472514 18.560129
0.487780 18.518148
0.529534 18.161234
0.558385 17.917267
0.591554 17.730948
0.605988 17.766221
0.662109 17.814915
0.803399 18.051864
0.847521 18.105635
0.856163 18.144271
0.873959 18.136527
0.935975 18.211140
0.977675 18.255248
0.980076 18.258327
0.988669 18.203983
1.010849 18.246011
1.039691 18.069704
1.061360 18.229688
1.063289 18.283645
1.110249 18.308635
1.193914 18.434616
1.195866 18.441745
