0.021647 19.581318
0.072016 19.543780
0.164738 19.660534
0.173634 19.692195
0.195739 19.774589
0.217567 19.658346
0.307836 19.684289
0.314598 19.734577
0.329940 19.664481
0.379910 19.732797
0.391448 19.705865
0.448799 19.680068
0.484178 19.841370
0.514091 19.744790
0.540089 19.701206
0.556523 19.440130
0.618329 18.935574
0.649377 18.949423
0.673330 19.017277
0.674230 19.022017
0.690726 19.109024
0.740030 19.098971
0.742107 19.172453
0.768239 19.256031
0.783579 19.273020
0.807509 19.301290
0.833485 19.323812
0.935195 19.482423
0.937765 19.439562
0.967669 19.496866
0.995164 19.531530
1.021647 19.581318
1.072016 19.543780
1.164738 19.660534
1.173634 19.692195
1.195739 19.774589
