0.014270 19.573318
0.032308 19.539368
0.083649 19.621218
0.094339 19.702499
0.134639 19.891905
0.139193 19.676432
0.154823 19.647949
0.172862 19.682397
0.208017 19.677179
0.224238 19.696850
0.234897 19.733403
0.239545 19.677220
0.274003 19.668881
0.275194 19.820398
0.289442 19.717292
0.297436 19.747002
0.298815 19.758453
0.316161 19.723208
0.324977 19.758473
0.348727 19.801186
0.429973 19.762914
0.437969 19.769109
0.439352 19.808116
0.456757 19.654128
0.461434 19.720893
0.489377 19.640259
0.523618 19.805927
0.542564 19.409718
0.557191 19.825761
0.558750 19.372352
0.601989 19.201422
0.608456 19.297294
0.659530 18.875451
0.664153 18.887307
0.679711 19.206284
0.697747 18.905482
0.699284 19.258282
0.749043 19.280144
0.800029 19.160827
0.823714 19.268610
0.841091 19.396666
0.904096 19.446956
0.964248 19.474096
0.981643 19.549239
0.998662 19.543080
1.014270 19.573318
1.032308 19.539368
1.083649 19.621218
1.094339 19.702499
1.134639 19.891905
1.139193 19.676432
1.154823 19.647949
1.172862 19.682397
