0.041340 16.416709
0.153727 16.512927
0.186450 16.528069
0.197216 16.538863
0.252726 16.536651
0.292496 16.553754
0.298838 16.558646
0.404293 16.674786
0.437430 16.707923
0.449581 16.710913
0.469059 16.724666
0.516661 16.553377
0.523222 16.426476
0.529304 16.363693
0.549815 16.179564
0.561952 16.126912
0.581429 16.023056
0.582473 16.009460
0.661438 15.980799
0.773826 16.143297
0.790692 16.177690
0.817283 16.214217
0.849023 16.255544
0.885089 16.287892
0.903120 16.314351
0.929712 16.331005
0.961412 16.351666
0.985257 16.382584
1.041340 16.416709
1.153727 16.512927
1.186450 16.528069
1.197216 16.538863
