0.029657 16.889589
0.032704 16.890109
0.091382 16.929995
0.144367 16.968363
0.156566 16.968781
0.164320 16.965546
0.283032 16.986147
0.285193 16.992925
0.291228 17.034312
0.389018 17.100691
0.417676 17.139665
0.419805 17.111733
0.474102 17.031869
0.484858 17.083918
0.501517 17.056219
0.608717 16.439578
0.611766 16.418228
0.619524 16.415770
0.636182 16.432539
0.636718 16.442322
0.712159 16.565196
0.732528 16.631270
0.740379 16.609837
0.771360 16.659616
0.823829 16.739625
0.836032 16.719815
0.844150 16.724805
0.875053 16.757917
0.911734 16.795725
0.956719 16.836478
1.029657 16.889589
1.032704 16.890109
1.091382 16.929995
1.144367 16.968363
1.156566 16.968781
1.164320 16.965546
