0.010940 16.106498
0.035358 16.190603
0.055927 16.139911
0.097752 16.222570
0.109655 16.152877
0.117123 16.217676
0.127764 16.234962
0.132079 16.170027
0.139418 16.215165
0.140104 16.231880
0.177138 16.172044
0.189625 16.179777
0.203934 16.242943
0.207023 16.274801
0.215895 16.189496
0.238319 16.191846
0.245700 16.278749
0.293493 16.278055
0.295848 16.256012
0.392926 16.297117
0.413829 16.283439
0.468778 16.179090
0.497659 16.092205
0.520071 16.047030
0.565134 15.989147
0.575046 16.049003
0.590561 16.026820
0.696801 16.014109
0.750505 16.025431
0.772916 16.026185
0.818018 16.069058
0.856774 16.060737
0.879157 16.083177
0.886577 16.047907
0.924258 16.127856
0.929132 16.122955
0.949685 16.107002
1.010940 16.106498
1.035358 16.190603
1.055927 16.139911
1.097752 16.222570
1.109655 16.152877
1.117123 16.217676
1.127764 16.234962
1.132079 16.170027
1.139418 16.215165
1.140104 16.231880
1.177138 16.172044
1.189625 16.179777
