0.005774 15.664242
0.031053 15.687656
0.039862 15.684368
0.074162 15.717791
0.104518 15.747108
0.157280 15.766544
0.174528 15.776587
0.191555 15.767153
0.237105 15.791026
0.280221 15.794775
0.310586 15.841881
0.370867 15.899209
0.397657 15.930608
0.428022 15.953842
0.436773 15.948244
0.444939 15.956174
0.454060 15.948554
0.471138 15.888764
0.488306 15.808766
0.568912 15.380038
0.571497 15.366457
0.588577 15.303569
0.620729 15.284607
0.634081 15.296324
0.677145 15.351523
0.686397 15.349646
0.687285 15.355778
0.707553 15.390711
0.724428 15.411675
0.767842 15.465943
0.794627 15.493159
0.841912 15.542748
0.851033 15.537006
0.883255 15.565419
0.885278 15.569776
0.900207 15.590168
0.913616 15.599302
0.930580 15.593624
1.005774 15.664242
1.031053 15.687656
1.039862 15.684368
1.074162 15.717791
1.104518 15.747108
1.157280 15.766544
1.174528 15.776587
1.191555 15.767153
