0.018605 16.212561
0.070972 16.259775
0.077093 16.273282
0.092722 16.337357
0.099116 16.300409
0.137908 16.338799
0.180656 16.345189
0.186874 16.336958
0.224579 16.328258
0.242791 16.378096
0.356265 16.388386
0.379320 16.470462
0.417435 16.537991
0.471246 16.449723
0.522283 16.238473
0.625840 15.848588
0.632008 15.803337
0.653942 15.829355
0.692768 15.984494
0.722283 15.922020
0.735568 15.972247
0.769438 16.058809
0.779449 16.024931
0.824404 16.120791
0.867255 16.127471
0.894234 16.173073
0.901054 16.197837
0.911138 16.172505
0.967427 16.198002
1.018605 16.212561
1.070972 16.259775
1.077093 16.273282
1.092722 16.337357
1.099116 16.300409
1.137908 16.338799
1.180656 16.345189
1.186874 16.336958
