0.004088 15.920557
0.051413 15.980303
0.065174 15.989386
0.077150 16.013865
0.125463 16.053833
0.147493 16.064973
0.161285 16.078953
0.185766 16.087488
0.233943 16.096986
0.250063 16.079839
0.276864 16.078757
0.282298 16.096464
0.293890 16.096752
0.342604 16.118607
0.354188 16.115642
0.382780 16.104411
0.390414 16.110346
0.414474 16.127342
0.424739 16.152775
0.450667 16.188857
0.520870 16.202985
0.539474 16.046984
0.595318 15.343937
0.613595 15.211071
0.617406 15.194135
0.631255 15.197295
0.655553 15.258867
0.752152 15.519968
0.763735 15.553976
0.804795 15.634892
0.812449 15.637927
0.823981 15.667389
0.847250 15.703942
0.872764 15.741644
0.884332 15.758059
0.920573 15.803144
0.961634 15.877260
0.980876 15.879580
0.990717 15.901960
1.004088 15.920557
1.051413 15.980303
1.065174 15.989386
1.077150 16.013865
1.125463 16.053833
1.147493 16.064973
1.161285 16.078953
1.185766 16.087488
