0.033966 16.079555
0.059364 16.068853
0.112666 16.126043
0.182130 16.109573
0.193058 16.119181
0.203984 16.135997
0.235433 16.168595
0.315804 16.166189
0.462162 16.191632
0.474349 16.115810
0.497974 16.032860
0.584931 15.839892
0.589359 15.910547
0.618975 15.795451
0.620720 15.885621
0.627900 15.832433
0.708462 15.861963
0.712128 15.876367
0.750648 15.860853
0.788992 15.919702
0.825750 15.925992
0.831231 15.959665
0.849927 15.956008
0.877151 15.984061
0.899981 15.985104
0.948448 15.990965
0.999917 16.060620
1.033966 16.079555
1.059364 16.068853
1.112666 16.126043
1.182130 16.109573
1.193058 16.119181
