0.028284 19.128563
0.038610 19.500215
0.079015 19.504938
0.081915 19.429288
0.088968 19.480654
0.102104 19.503137
0.164985 19.452878
0.334655 19.261636
0.410664 19.553039
0.414397 19.397930
0.427484 19.541341
0.471329 19.542958
0.483190 19.457901
0.519029 19.260494
0.522328 19.183435
0.542934 19.374765
0.544040 19.221889
0.551093 19.328852
0.575972 19.424533
0.619889 19.326292
0.626940 19.214625
0.658952 18.425375
0.712698 19.266779
0.901932 19.212237
0.942263 19.252184
0.945270 19.268603
0.952322 19.258759
0.958657 19.328295
0.965446 19.206670
1.028284 19.128563
1.038610 19.500215
1.079015 19.504938
1.081915 19.429288
1.088968 19.480654
1.102104 19.503137
1.164985 19.452878
