0.030304 16.349553
0.089450 16.457765
0.093533 16.444096
0.105921 16.461028
0.120998 16.480808
0.137429 16.498354
0.168986 16.512087
0.173540 16.515572
0.182791 16.516303
0.290015 16.539080
0.321569 16.563047
0.326146 16.560261
0.425174 16.599377
0.452639 16.629253
0.469116 16.622277
0.484194 16.630036
0.546082 16.295220
0.573683 16.143096
0.577756 16.112767
0.605222 15.832553
0.608629 15.705017
0.621642 15.656511
0.639284 15.616100
0.653153 15.592420
0.716073 15.792816
0.805795 16.011736
0.818557 16.069097
0.837338 16.078173
0.868796 16.149669
0.936869 16.254782
0.940948 16.260270
0.968414 16.299915
0.971173 16.323432
1.030304 16.349553
1.089450 16.457765
1.093533 16.444096
1.105921 16.461028
1.120998 16.480808
1.137429 16.498354
1.168986 16.512087
1.173540 16.515572
1.182791 16.516303
