0.013285 17.221916
0.054751 17.257728
0.074495 17.263083
0.135951 17.293699
0.136429 17.294483
0.169040 17.312186
0.292156 17.329312
0.309443 17.344825
0.347961 17.383761
0.366584 17.408311
0.367615 17.402067
0.395709 17.417632
0.455488 17.452350
0.490761 17.378398
0.518873 17.189102
0.578654 16.957121
0.585363 16.916325
0.658060 16.881498
0.718811 16.987166
0.719692 16.964973
0.841905 17.100573
0.842789 17.077879
0.871819 17.114059
0.931637 17.174666
0.951352 17.168253
0.994982 17.214835
1.013285 17.221916
1.054751 17.257728
1.074495 17.263083
1.135951 17.293699
1.136429 17.294483
1.169040 17.312186
