0.023798 16.504904
0.041891 16.493869
0.048180 16.519952
0.077067 16.572613
0.184919 16.606339
0.198848 16.624271
0.246037 16.680432
0.267274 16.639995
0.409393 16.737769
0.413049 16.681316
0.474225 16.815209
0.508592 16.532407
0.555224 16.514537
0.616565 15.865348
0.620054 16.062930
0.631643 16.094564
0.691884 16.188636
0.753090 16.055817
0.762419 16.088285
0.855819 16.337790
0.877970 16.347184
0.896034 16.423385
0.897689 16.337581
0.898866 16.338231
0.902346 16.339062
0.931212 16.429844
0.978867 16.529422
1.023798 16.504904
1.041891 16.493869
1.048180 16.519952
1.077067 16.572613
1.184919 16.606339
1.198848 16.624271
