0.002959 17.095151
0.008802 17.100396
0.024271 17.113319
0.045731 17.146227
0.071274 17.168530
0.119497 17.181746
0.177293 17.211030
0.205711 17.211888
0.229704 17.221088
0.281837 17.224647
0.316109 17.204267
0.322003 17.202194
0.337289 17.220820
0.353393 17.231822
0.384469 17.251106
0.401899 17.266170
0.413418 17.297974
0.417610 17.299188
0.432445 17.315607
0.447739 17.349161
0.484976 17.329391
0.533509 17.101188
0.549217 16.951924
0.564023 16.911217
0.601022 16.735340
0.626495 16.687225
0.674474 16.776412
0.681229 16.773891
0.699029 16.797345
0.732581 16.847937
0.760937 16.811269
0.812810 16.930071
0.815522 16.948191
0.830613 16.950734
0.837109 16.952329
0.871377 16.979584
0.877221 16.991754
0.892516 17.009002
0.939694 17.037127
0.947080 17.049796
0.949235 17.022805
0.968638 17.071117
0.987718 17.082653
1.002959 17.095151
1.008802 17.100396
1.024271 17.113319
1.045731 17.146227
1.071274 17.168530
1.119497 17.181746
1.177293 17.211030
