0.003831 18.853157
0.089585 18.917564
0.143739 18.972086
0.204322 18.982256
0.244855 19.000219
0.247524 18.987191
0.273435 19.013903
0.278885 19.050493
0.327595 19.014671
0.344176 18.964689
0.376730 19.046418
0.387428 18.969666
0.454871 19.071849
0.467555 19.096347
0.476705 19.127794
0.516606 19.118077
0.556460 18.746603
0.564131 18.760739
0.616612 18.255968
0.634313 18.232920
0.677250 18.310200
0.731401 18.454086
0.760307 18.520766
0.774242 18.541387
0.787885 18.558208
0.800465 18.565804
0.817159 18.593000
0.871306 18.683214
0.911843 18.743846
0.927864 18.759041
0.940423 18.752990
0.945819 18.774381
0.949680 18.771323
1.003831 18.853157
1.089585 18.917564
1.143739 18.972086
