0.023289 20.175085
0.058988 20.288875
0.101165 20.200862
0.172234 20.279802
0.206195 20.287338
0.206517 20.323008
0.209184 20.296682
0.231820 20.262335
0.247480 20.347452
0.301492 20.303409
0.302982 20.353245
0.336900 20.266327
0.387528 20.274115
0.418617 20.251929
0.432201 20.327715
0.468823 20.259322
0.474471 20.270102
0.518230 20.270387
0.520581 20.129451
0.542984 20.030614
0.653841 19.952751
0.668665 20.094666
0.678487 20.093414
0.764368 20.021228
0.895090 20.063687
0.928290 20.087936
1.023289 20.175085
1.058988 20.288875
1.101165 20.200862
1.172234 20.279802
