0.038605 17.167084
0.069297 17.168188
0.069479 17.164659
0.188528 17.227024
0.227673 17.239062
0.239327 17.238086
0.319501 17.262698
0.358612 17.277765
0.369425 17.293644
0.388938 17.297062
0.438686 17.306567
0.461641 17.316725
0.472330 17.277060
0.488653 17.209704
0.506722 17.146137
0.580872 16.921715
0.638922 16.866333
0.642441 16.872709
0.660961 16.881546
0.697690 16.912486
0.761683 16.960467
0.785489 16.974403
0.790550 16.975263
0.816047 17.002321
0.836309 17.028654
0.909790 17.074918
0.919315 17.071877
0.935291 17.081391
0.950246 17.099175
0.955547 17.096817
1.038605 17.167084
1.069297 17.168188
1.069479 17.164659
1.188528 17.227024
