0.034823 16.497667
0.039728 16.506011
0.051031 16.528804
0.073356 16.544867
0.084204 16.547427
0.084586 16.542914
0.089746 16.541837
0.091092 16.548858
0.201332 16.601514
0.220593 16.595024
0.245922 16.619228
0.260829 16.622160
0.264747 16.620358
0.334999 16.633981
0.335754 16.646234
0.437595 16.757149
0.452143 16.761482
0.470286 16.770191
0.490423 16.780842
0.495325 16.800895
0.546706 16.471899
0.617786 15.677979
0.628997 15.628952
0.686731 15.780727
0.702479 15.823604
0.743834 15.988314
0.778360 16.071220
0.790598 16.081310
0.848325 16.206666
0.859619 16.235330
0.892882 16.288436
0.893938 16.278709
0.898352 16.295490
0.935318 16.360971
1.034823 16.497667
1.039728 16.506011
1.051031 16.528804
1.073356 16.544867
1.084204 16.547427
1.084586 16.542914
1.089746 16.541837
1.091092 16.548858
