0.031246 15.227251
0.074511 15.271496
0.085381 15.291571
0.131043 15.335659
0.187341 15.348561
0.192461 15.327902
0.215043 15.378033
0.318620 15.408055
0.318922 15.429914
0.322009 15.408094
0.327000 15.414159
0.379253 15.444262
0.453183 15.469847
0.453516 15.467171
0.514052 15.431429
0.607199 14.564537
0.741762 14.702830
0.760085 14.747687
0.773650 14.771783
0.894625 15.037453
0.896581 15.026428
0.996427 15.195434
1.031246 15.227251
1.074511 15.271496
1.085381 15.291571
1.131043 15.335659
1.187341 15.348561
1.192461 15.327902
