0.016623 17.597605
0.030858 17.604770
0.069270 17.652591
0.076611 17.654299
0.099619 17.692927
0.102094 17.664531
0.139483 17.706873
0.152263 17.723162
0.160782 17.735990
0.175400 17.733157
0.182563 17.726771
0.185065 17.738697
0.205432 17.752363
0.265604 17.744073
0.296348 17.757146
0.318255 17.757326
0.341052 17.753828
0.353723 17.729910
0.390416 17.730740
0.392134 17.695114
0.401245 17.717577
0.475074 17.845581
0.489363 17.852123
0.526036 17.771811
0.527776 17.805402
0.558121 17.530670
0.610766 17.009027
0.639377 16.996491
0.641117 16.943925
0.693761 17.088421
0.722940 17.151854
0.774993 17.260121
0.776757 17.270090
0.807095 17.311738
0.812221 17.306449
0.845474 17.353434
0.848853 17.350292
0.850642 17.371196
0.858583 17.384932
0.859751 17.380471
0.862250 17.385056
0.933629 17.503677
0.940970 17.490778
0.966451 17.528669
0.984476 17.548294
1.016623 17.597605
1.030858 17.604770
1.069270 17.652591
1.076611 17.654299
1.099619 17.692927
1.102094 17.664531
1.139483 17.706873
1.152263 17.723162
1.160782 17.735990
1.175400 17.733157
1.182563 17.726771
1.185065 17.738697
