0.069213 14.858663
0.083798 14.870896
0.095160 14.878901
0.141341 14.892163
0.210519 14.908191
0.228276 14.916985
0.256697 14.926833
0.309845 14.948001
0.368242 14.975782
0.412670 14.988880
0.459254 14.915884
0.464853 14.909137
0.483598 14.848996
0.571131 14.672456
0.601981 14.640409
0.645737 14.636300
0.686537 14.637445
0.729199 14.659562
0.735634 14.663347
0.741702 14.676857
0.761058 14.678616
0.797156 14.705085
0.855375 14.741128
0.857057 14.745582
0.896636 14.775944
0.912564 14.773263
1.069213 14.858663
1.083798 14.870896
1.095160 14.878901
1.141341 14.892163
