0.053813 17.918585
0.055192 17.886029
0.063531 17.935937
0.104093 17.968602
0.123557 17.966464
0.189340 17.994976
0.253551 18.026172
0.256082 18.009833
0.263922 18.014444
0.292101 18.028014
0.389019 18.030416
0.399470 18.037332
0.426673 18.089988
0.431193 18.102440
0.446908 18.115031
0.595769 17.438431
0.595816 17.467925
0.654020 17.259253
0.731285 17.450807
0.780056 17.559533
0.799986 17.584929
0.800990 17.573848
0.805810 17.602659
0.826606 17.631861
0.862214 17.675146
0.941336 17.758095
0.962134 17.785162
0.997785 17.845617
1.053813 17.918585
1.055192 17.886029
1.063531 17.935937
1.104093 17.968602
1.123557 17.966464
1.189340 17.994976
