0.085501 17.227309
0.092088 17.313557
0.152211 17.416101
0.182349 17.330412
0.199292 17.362691
0.239010 17.393949
0.299081 17.452668
0.304215 17.412387
0.329283 17.370948
0.346225 17.358376
0.346440 17.362877
0.382850 17.370024
0.446654 17.415256
0.451083 17.464679
0.455986 17.468237
0.503611 17.437243
0.520182 17.305647
0.529719 16.986888
0.587696 16.828019
0.602868 16.357804
0.603126 16.639300
0.656846 16.589460
0.667021 16.647492
0.674115 16.698688
0.707039 16.590087
0.726545 16.820760
0.727987 16.664866
0.735915 16.873945
0.796272 16.960581
0.803721 16.960672
0.821056 16.940348
0.873425 17.047171
0.927559 17.100867
1.085501 17.227309
1.092088 17.313557
1.152211 17.416101
1.182349 17.330412
1.199292 17.362691
