0.028500 16.977211
0.115992 17.077388
0.116464 17.063941
0.121559 17.057329
0.152640 17.126726
0.157267 17.108627
0.168794 17.108835
0.176120 17.107547
0.230396 17.096873
0.240602 17.050021
0.252670 17.130010
0.277331 17.127587
0.292941 17.128066
0.300318 17.126493
0.335187 17.135300
0.354494 17.105494
0.376820 17.127011
0.417059 17.159251
0.476901 17.246460
0.477230 17.251056
0.487706 17.224363
0.511014 17.175386
0.529452 17.107946
0.533021 17.042667
0.630681 16.258242
0.749803 16.549857
0.766683 16.570814
0.828502 16.703899
0.857686 16.758323
0.890780 16.785135
0.953213 16.872328
0.969671 16.899653
0.981830 16.923468
1.028500 16.977211
1.115992 17.077388
1.116464 17.063941
1.121559 17.057329
1.152640 17.126726
1.157267 17.108627
1.168794 17.108835
1.176120 17.107547
