0.004873 18.566441
0.005520 18.484138
0.050768 18.383222
0.070817 18.568497
0.072369 18.497119
0.100338 18.485331
0.167834 18.530345
0.210378 18.501408
0.232753 18.632229
0.327571 18.622468
0.399609 18.586692
0.434371 18.590681
0.463684 18.591425
0.495001 18.608068
0.495073 18.555118
0.529840 18.435124
0.559141 18.330530
0.741386 18.307556
0.754449 18.141805
0.777644 18.217820
0.815959 18.265677
0.836845 18.337453
0.850250 18.415835
0.938744 18.089277
0.949348 18.379495
0.951563 18.538036
0.955345 18.449284
1.004873 18.566441
1.005520 18.484138
1.050768 18.383222
1.070817 18.568497
1.072369 18.497119
1.100338 18.485331
1.167834 18.530345
