0.061032 17.400900
0.071898 17.412050
0.073516 17.418118
0.232531 17.572906
0.271483 17.561989
0.309630 17.537801
0.313845 17.470994
0.346339 17.548822
0.382149 17.542510
0.400491 17.543699
0.412391 17.542513
0.419092 17.526028
0.422581 17.524857
0.457251 17.529134
0.461467 17.528634
0.493905 17.584801
0.633800 16.555010
0.640940 16.529510
0.655730 16.553775
0.716601 16.778021
0.733527 16.802256
0.746561 16.856824
0.773960 16.923924
0.785471 16.948241
0.788552 16.961107
0.790571 16.954826
0.808635 16.993080
0.814832 17.003926
0.845340 17.069439
0.845461 17.064392
0.868728 17.116854
0.881148 17.156696
0.881189 17.145074
0.894182 17.158561
0.913417 17.191688
0.921523 17.209673
0.925904 17.224689
0.956217 17.258602
0.962457 17.241491
0.993132 17.300966
1.061032 17.400900
1.071898 17.412050
1.073516 17.418118
