0.011290 16.523322
0.026098 16.536360
0.097531 16.637799
0.126220 16.617245
0.148656 16.613968
0.217187 16.687534
0.220089 16.669687
0.251971 16.649027
0.285541 16.647060
0.302994 16.661902
0.374521 16.677272
0.387395 16.682129
0.417938 16.697618
0.426274 16.679598
0.428571 16.759731
0.508880 16.766031
0.529084 16.693738
0.542504 16.505986
0.548819 16.391481
0.550756 16.402529
0.640807 16.224620
0.651643 16.047501
0.665725 16.036944
0.679098 16.244096
0.763407 16.299705
0.793941 16.354249
0.796272 16.404067
0.801647 16.372266
0.802109 16.301149
0.832214 16.362102
0.882515 16.407354
0.915359 16.445296
0.918819 16.498155
0.924667 16.444933
0.954766 16.502623
1.011290 16.523322
1.026098 16.536360
1.097531 16.637799
1.126220 16.617245
1.148656 16.613968
