0.016310 19.582074
0.078437 19.710926
0.100214 19.742133
0.164628 19.836123
0.206624 19.711480
0.226592 19.752717
0.247943 19.737032
0.292207 19.771769
0.304672 19.680799
0.349458 19.787090
0.429007 19.842564
0.430944 19.751375
0.475737 19.885294
0.496036 19.870296
0.502325 19.894447
0.542009 19.797091
0.589482 19.041286
0.637193 18.923644
0.704972 19.063503
0.731529 19.124724
0.761232 19.210193
0.763465 19.213332
0.777856 19.235307
0.831344 19.336325
0.856897 19.347458
0.864063 19.361260
0.889991 19.401315
0.983179 19.538354
0.991618 19.505391
1.016310 19.582074
1.078437 19.710926
1.100214 19.742133
1.164628 19.836123
