0.003491 18.964777
0.019894 18.952679
0.021646 18.980530
0.074891 18.986438
0.075341 18.966729
0.076128 18.973411
0.118550 19.005113
0.120302 18.980766
0.173091 19.022602
0.173509 19.011405
0.173960 19.018549
0.218587 19.032460
0.243541 19.037848
0.260611 19.020798
0.268345 19.057583
0.315950 19.038659
0.317239 19.036208
0.328534 19.000315
0.342199 19.024175
0.353380 19.031885
0.355133 19.017620
0.359274 19.029982
0.407922 19.053191
0.408374 19.045166
0.408864 19.039451
0.452035 19.076635
0.453790 19.067151
0.456866 19.072321
0.458824 19.074472
0.506578 19.023586
0.507039 18.964276
0.507483 18.963042
0.516329 19.004382
0.550765 18.866694
0.557455 18.851974
0.576996 18.831837
0.646549 18.714726
0.675693 18.700528
0.686405 18.723059
0.686862 18.709886
0.688161 18.695078
0.724032 18.727539
0.741407 18.739667
0.741858 18.769450
0.742313 18.721086
0.785063 18.753224
0.786817 18.746104
0.787283 18.761599
0.822683 18.799149
0.840025 18.796912
0.840476 18.809765
0.840970 18.841009
0.904830 18.902611
0.977466 18.893253
1.003491 18.964777
1.019894 18.952679
1.021646 18.980530
1.074891 18.986438
1.075341 18.966729
1.076128 18.973411
1.118550 19.005113
1.120302 18.980766
1.173091 19.022602
1.173509 19.011405
1.173960 19.018549
