0.018381 17.676459
0.066647 17.742294
0.068567 17.762067
0.070479 17.768702
0.076478 17.757283
0.109679 17.781454
0.116742 17.824130
0.116755 17.829023
0.146866 17.852286
0.194635 17.866510
0.196584 17.842125
0.242796 17.866401
0.254067 17.856911
0.265817 17.855837
0.314180 17.809179
0.409750 17.827124
0.446929 17.921963
0.461414 17.911918
0.520307 17.920017
0.533311 17.807999
0.554087 17.545378
0.572941 17.277055
0.592216 17.255811
0.610784 17.147071
0.644412 17.046744
0.646326 17.094612
0.659315 17.118197
0.666610 17.153650
0.680200 17.160519
0.690636 17.205570
0.718323 17.241998
0.736887 17.299225
0.762021 17.363329
0.770471 17.349080
0.816695 17.457311
0.860540 17.533786
0.873047 17.528083
0.888078 17.552917
0.890481 17.564006
0.940581 17.503156
0.999106 17.655730
1.018381 17.676459
1.066647 17.742294
1.068567 17.762067
1.070479 17.768702
1.076478 17.757283
1.109679 17.781454
1.116742 17.824130
1.116755 17.829023
1.146866 17.852286
1.194635 17.866510
1.196584 17.842125
