0.002178 17.302918
0.017837 17.314524
0.034731 17.327592
0.046788 17.328345
0.049518 17.335683
0.121576 17.362238
0.136771 17.320978
0.157791 17.376971
0.168446 17.390624
0.210058 17.394235
0.227271 17.395385
0.240508 17.398354
0.245486 17.404410
0.276752 17.413434
0.303301 17.413571
0.329565 17.426187
0.346185 17.425277
0.359604 17.441851
0.364417 17.440607
0.371576 17.462445
0.485813 17.401108
0.548798 17.165100
0.559832 17.154023
0.628846 17.032999
0.642695 17.046983
0.647323 17.029999
0.654978 17.031701
0.678760 17.052579
0.729131 17.089099
0.747780 17.121800
0.751627 17.123531
0.766388 17.124304
0.851761 17.203279
0.883256 17.225853
0.927862 17.239776
0.961843 17.267192
1.002178 17.302918
1.017837 17.314524
1.034731 17.327592
1.046788 17.328345
1.049518 17.335683
1.121576 17.362238
1.136771 17.320978
1.157791 17.376971
1.168446 17.390624
