0.020464 16.157249
0.139259 16.225641
0.139348 16.249916
0.144512 16.223784
0.159423 16.214335
0.162231 16.233712
0.177579 16.224919
0.251904 16.243561
0.258083 16.374250
0.278123 16.237513
0.388591 16.309208
0.435611 16.312776
0.455255 16.291150
0.460975 16.297675
0.567878 15.958626
0.574051 16.002960
0.579759 15.942473
0.604642 15.937006
0.665596 15.882786
0.670080 15.892556
0.755527 15.949524
0.758027 15.956013
0.762447 15.977825
0.788806 15.997595
0.829616 16.024793
0.850518 16.035996
0.852760 16.006164
0.861823 16.032746
0.876774 16.061360
0.881183 16.066183
0.894921 16.070324
0.897391 16.067490
0.948245 16.114153
0.969216 16.126348
0.971460 16.116601
0.998454 16.140660
1.020464 16.157249
1.139259 16.225641
1.139348 16.249916
1.144512 16.223784
1.159423 16.214335
1.162231 16.233712
1.177579 16.224919
