0.000106 16.389295
0.001153 16.412012
0.011406 16.452865
0.028465 16.449865
0.055764 16.478090
0.084128 16.522914
0.084164 16.509894
0.091883 16.523874
0.163789 16.578717
0.214084 16.591202
0.243402 16.595835
0.249625 16.592350
0.283493 16.596860
0.291855 16.610651
0.303469 16.604226
0.305287 16.598030
0.312205 16.607265
0.360950 16.593110
0.377600 16.589599
0.416614 16.603126
0.423184 16.612667
0.471953 16.691906
0.472276 16.690881
0.500633 16.711316
0.517286 16.686910
0.527936 16.644834
0.529008 16.642614
0.546551 16.543506
0.556310 16.366028
0.597712 15.882837
0.611585 15.767915
0.624360 15.732877
0.635353 15.750107
0.668685 15.814174
0.691677 15.880329
0.721795 15.948928
0.737348 16.019826
0.759387 16.048610
0.774003 16.082413
0.775038 16.085406
0.777456 16.076852
0.786967 16.096445
0.831314 16.166575
0.833119 16.174501
0.888782 16.246219
0.910905 16.296004
0.913674 16.300019
0.944018 16.320876
0.944439 16.336076
0.944445 16.332081
0.968130 16.375436
1.000106 16.389295
1.001153 16.412012
1.011406 16.452865
1.028465 16.449865
1.055764 16.478090
1.084128 16.522914
1.084164 16.509894
1.091883 16.523874
1.163789 16.578717
