0.021109 15.965865
0.033679 15.983752
0.040315 15.957223
0.058684 16.035342
0.077504 16.052086
0.092423 16.063691
0.099002 15.969334
0.123067 16.007224
0.125197 15.951558
0.146624 16.049729
0.149392 16.023185
0.184150 16.100684
0.185419 16.093951
0.217889 16.136539
0.233033 16.093014
0.250676 16.006094
0.268195 16.030644
0.332334 16.091212
0.338991 16.085784
0.339091 16.090344
0.421776 16.146316
0.464611 16.187167
0.484080 16.118798
0.490674 15.977254
0.508148 15.924955
0.547249 15.784462
0.549307 15.824751
0.566789 15.709732
0.566866 15.701091
0.573516 15.734371
0.609504 15.516390
0.616156 15.653241
0.674788 15.782840
0.692419 15.640673
0.698986 15.623842
0.765065 15.756920
0.834484 15.711799
0.890549 15.834536
0.908161 15.848607
0.914788 15.866115
0.973519 15.910019
0.997596 15.928904
1.021109 15.965865
1.033679 15.983752
1.040315 15.957223
1.058684 16.035342
1.077504 16.052086
1.092423 16.063691
1.099002 15.969334
1.123067 16.007224
1.125197 15.951558
1.146624 16.049729
1.149392 16.023185
1.184150 16.100684
1.185419 16.093951
