0.013671 19.106500
0.022479 19.072783
0.062689 19.162067
0.141932 19.258283
0.175758 19.283831
0.238967 19.234839
0.239947 19.270503
0.273295 19.202763
0.307073 19.378810
0.370306 19.250815
0.385556 19.198537
0.458702 19.321449
0.484340 19.368440
0.513739 19.361575
0.585858 18.794441
0.590017 18.755697
0.615639 18.552387
0.619636 18.513907
0.682803 18.566563
0.698112 18.426065
0.701676 18.656152
0.724182 18.671508
0.750949 18.722748
0.796385 18.892534
0.814103 18.828864
0.829423 18.861220
0.882355 18.922703
0.891178 18.925981
0.951268 19.013079
1.013671 19.106500
1.022479 19.072783
1.062689 19.162067
1.141932 19.258283
1.175758 19.283831
