0.029301 15.028231
0.066569 15.049768
0.107272 15.064594
0.183350 15.094734
0.189048 15.092057
0.225314 15.100059
0.282046 15.127533
0.305856 15.131362
0.342098 15.146035
0.398766 15.165763
0.442525 15.152670
0.452030 15.123084
0.463539 15.106934
0.559290 14.887450
0.568794 14.887274
0.607334 14.839036
0.620096 14.804565
0.652256 14.803669
0.724124 14.836915
0.736872 14.839138
0.749741 14.853888
0.805092 14.892100
0.830615 14.903487
0.851758 14.928025
0.852227 14.917090
0.912493 14.956887
0.921854 14.966215
0.930226 14.972834
0.947394 14.982008
0.968521 14.994749
0.969037 14.991994
0.987101 15.001253
0.990461 15.012243
1.029301 15.028231
1.066569 15.049768
1.107272 15.064594
1.183350 15.094734
1.189048 15.092057
