0.009253 14.023816
0.057657 14.058802
0.070579 14.068399
0.097090 14.081295
0.111555 14.091656
0.137150 14.096097
0.173496 14.119682
0.197363 14.124746
0.206129 14.129511
0.254229 14.125742
0.300282 14.132579
0.342068 14.155839
0.356563 14.171970
0.357147 14.167804
0.382154 14.184197
0.444988 14.211307
0.496670 14.089093
0.599587 13.764579
0.606849 13.732151
0.621285 13.726609
0.684185 13.747346
0.708327 13.776610
0.709767 13.768444
0.724217 13.790992
0.779583 13.855520
0.806645 13.858733
0.954741 13.968130
0.961161 13.993096
0.994172 14.015433
1.009253 14.023816
1.057657 14.058802
1.070579 14.068399
1.097090 14.081295
1.111555 14.091656
1.137150 14.096097
1.173496 14.119682
1.197363 14.124746
