0.030063 15.381763
0.065062 15.367804
0.073488 15.399520
0.100617 15.449259
0.126540 15.466999
0.132933 15.484345
0.153831 15.508262
0.226622 15.511804
0.231726 15.518962
0.235681 15.517045
0.243633 15.513462
0.291778 15.505750
0.298085 15.516775
0.349715 15.535184
0.376917 15.524437
0.391836 15.543186
0.397006 15.544146
0.408867 15.521244
0.423323 15.582913
0.458374 15.567500
0.466797 15.599535
0.514949 15.604154
0.542136 15.415817
0.548093 15.050248
0.628938 14.659851
0.633883 14.521179
0.678766 14.728608
0.685089 14.564743
0.691409 14.644312
0.713248 14.755785
0.785853 14.944184
0.825997 15.082993
0.850263 15.037941
0.908253 15.152214
0.935401 15.215320
0.956414 15.231111
0.988653 15.354369
1.030063 15.381763
1.065062 15.367804
1.073488 15.399520
1.100617 15.449259
1.126540 15.466999
1.132933 15.484345
1.153831 15.508262
