0.096529 16.758757
0.158778 16.794241
0.189006 16.816901
0.207162 16.842084
0.269425 16.847029
0.297632 16.837763
0.300172 16.835603
0.408291 16.936187
0.436309 16.958808
0.452325 16.989550
0.475379 16.987454
0.523209 16.754269
0.532793 16.724795
0.586023 16.220878
0.619155 16.066106
0.630367 16.066463
0.643427 16.086820
0.710521 16.291181
0.741009 16.298415
0.775965 16.396614
0.849391 16.479438
0.853012 16.505987
0.882524 16.519375
0.887256 16.518512
0.960038 16.627313
0.963715 16.652960
0.993169 16.665552
1.096529 16.758757
1.158778 16.794241
1.189006 16.816901
