0.027154 19.416948
0.045970 19.454014
0.114614 19.371890
0.162382 19.665321
0.173739 19.607410
0.178683 19.573971
0.181746 19.458020
0.233661 19.575714
0.313418 19.602469
0.316674 19.554581
0.344241 19.574727
0.344567 19.428533
0.375132 19.576878
0.414268 19.641039
0.433028 19.693035
0.436877 19.660614
0.439600 19.655780
0.488489 19.687297
0.491487 19.676443
0.604850 19.008510
0.604923 18.910007
0.671475 18.892574
0.691237 18.913266
0.713861 19.019605
0.716617 19.100419
0.721285 19.057713
0.750191 19.085397
0.782854 19.150231
0.875903 19.287898
0.899210 19.308952
0.904759 19.298512
0.991620 19.474870
0.992315 19.430492
0.998255 19.395821
1.027154 19.416948
1.045970 19.454014
1.114614 19.371890
1.162382 19.665321
1.173739 19.607410
1.178683 19.573971
1.181746 19.458020
