0.040059 16.476248
0.042621 16.489802
0.125666 16.549680
0.142593 16.563283
0.150892 16.574446
0.156178 16.565777
0.227881 16.583135
0.233983 16.585121
0.250906 16.593081
0.315071 16.584773
0.336232 16.577251
0.408745 16.641373
0.424153 16.656991
0.488874 16.677918
0.493931 16.686519
0.508718 16.627766
0.537201 16.320937
0.553417 16.287253
0.565629 16.244093
0.597187 16.028447
0.602248 16.046890
0.607186 16.030042
0.617029 15.981680
0.630249 15.983943
0.661723 16.001920
0.669820 16.034420
0.673941 16.064040
0.775382 16.195013
0.778168 16.217567
0.790061 16.224597
0.898369 16.346304
0.911713 16.347500
0.931750 16.370253
0.931786 16.376535
1.040059 16.476248
1.042621 16.489802
1.125666 16.549680
1.142593 16.563283
1.150892 16.574446
1.156178 16.565777
