0.041676 19.071161
0.051095 19.023262
0.055820 19.044868
0.075858 19.051539
0.102333 19.134266
0.153087 19.083837
0.212944 19.163270
0.284476 19.175371
0.293943 19.154077
0.344352 19.108101
0.371429 19.128494
0.391468 19.125332
0.412472 19.220511
0.415191 19.185869
0.500074 19.275122
0.502866 19.263380
0.520710 19.122861
0.597284 18.538296
0.606798 18.499557
0.621263 18.426396
0.631513 18.410142
0.652145 18.451851
0.657306 18.449884
0.660299 18.410562
0.686946 18.555525
0.725326 18.593883
0.728821 18.613903
0.738185 18.624686
0.815726 18.773644
0.840225 18.792511
0.944421 18.909767
0.947115 18.940107
0.973256 18.929970
1.041676 19.071161
1.051095 19.023262
1.055820 19.044868
1.075858 19.051539
1.102333 19.134266
1.153087 19.083837
