0.037397 17.545430
0.046963 17.554464
0.080609 17.577278
0.112547 17.596590
0.124705 17.577045
0.172026 17.629824
0.186051 17.602293
0.192815 17.662248
0.224736 17.661158
0.228286 17.635330
0.236951 17.648465
0.245461 17.652947
0.271292 17.652217
0.273354 17.652965
0.289266 17.651311
0.298239 17.641662
0.317484 17.651459
0.340475 17.662502
0.357620 17.684092
0.383495 17.704011
0.418110 17.741768
0.424941 17.669206
0.429688 17.766831
0.449828 17.754441
0.491778 17.705896
0.530273 17.461736
0.556262 17.352210
0.562031 17.339488
0.603966 17.218490
0.624736 17.159034
0.691935 17.200187
0.696764 17.205553
0.736939 17.267954
0.804166 17.348888
0.808966 17.346552
0.886229 17.440586
0.925188 17.467180
0.934777 17.463047
0.978390 17.502103
0.998415 17.495861
1.037397 17.545430
1.046963 17.554464
1.080609 17.577278
1.112547 17.596590
1.124705 17.577045
1.172026 17.629824
1.186051 17.602293
1.192815 17.662248
