0.043469 19.131538
0.072209 19.183086
0.095444 19.158203
0.150125 19.202392
0.244165 19.257290
0.326179 19.331262
0.348822 19.294556
0.382513 19.322174
0.432836 19.417396
0.455517 19.392782
0.489209 19.143576
0.519226 19.062295
0.520659 19.133523
0.602761 18.603727
0.604840 18.670084
0.606248 18.617715
0.614948 18.629057
0.625922 18.584964
0.637891 18.553331
0.669740 18.655211
0.711539 18.876413
0.712962 18.745311
0.721663 18.797368
0.734730 18.777135
0.776354 18.820398
0.856766 18.924462
0.891855 18.975511
0.963479 19.025292
0.965470 19.082856
0.988693 18.990775
1.043469 19.131538
1.072209 19.183086
1.095444 19.158203
1.150125 19.202392
