0.055232 16.570627
0.166343 16.595471
0.168327 16.592802
0.240456 16.617886
0.279478 16.606343
0.304068 16.620101
0.327182 16.627212
0.383299 16.622796
0.396198 16.609424
0.411554 16.609200
0.438250 16.609173
0.494392 16.549619
0.522647 16.537786
0.543726 16.509872
0.543948 16.516194
0.595066 16.488804
0.639784 16.470075
0.654880 16.472683
0.672917 16.456945
0.679605 16.466330
0.706159 16.458224
0.790757 16.467484
0.792786 16.478965
0.861372 16.499740
0.903896 16.514215
0.972464 16.548715
1.055232 16.570627
1.166343 16.595471
1.168327 16.592802
