0.048660 20.269868
0.058505 20.123047
0.078407 20.143923
0.151597 20.299752
0.181349 20.215323
0.188374 20.238822
0.254512 20.276590
0.281178 20.279463
0.284288 20.310797
0.291306 20.253958
0.321066 20.286899
0.329246 20.000994
0.334027 20.394601
0.387217 20.235898
0.394246 20.101240
0.413850 20.266555
0.423997 20.198255
0.461917 20.196104
0.497189 20.403393
0.526936 20.372514
0.600079 19.918783
0.610127 19.868572
0.629878 19.937835
0.636912 19.976392
0.698459 19.704148
0.703062 19.683169
0.732819 19.961133
0.739788 19.931568
0.742712 19.791173
0.769605 20.006508
0.831203 19.944262
0.835704 20.146959
0.842738 20.103588
0.872530 20.031096
0.938678 20.071843
0.945718 20.205146
0.975466 20.212801
1.048660 20.269868
1.058505 20.123047
1.078407 20.143923
1.151597 20.299752
1.181349 20.215323
1.188374 20.238822
