0.020325 13.430540
0.063461 13.438628
0.066272 13.475066
0.069907 13.472583
0.079841 13.457165
0.109586 13.485389
0.199209 13.568558
0.253207 13.631268
0.315677 13.625915
0.332409 13.585262
0.357124 13.663217
0.370345 13.592479
0.374051 13.670729
0.387639 13.618755
0.444983 13.622371
0.486432 13.615691
0.497124 13.625990
0.503356 13.549674
0.506983 13.495690
0.585265 12.971527
0.678134 12.823293
0.714553 13.006711
0.762128 12.998538
0.883170 13.197373
0.891018 13.227910
0.934143 13.239377
0.936994 13.322240
0.950599 13.280131
0.980323 13.407001
1.020325 13.430540
1.063461 13.438628
1.066272 13.475066
1.069907 13.472583
1.079841 13.457165
1.109586 13.485389
1.199209 13.568558
