0.049784 17.526967
0.132740 17.558799
0.166765 17.584074
0.176671 17.596989
0.200790 17.577102
0.234707 17.626092
0.268731 17.586344
0.270529 17.610332
0.276888 17.609198
0.302680 17.607289
0.372488 17.666428
0.378807 17.661559
0.417285 17.671078
0.477377 17.620585
0.493805 17.563473
0.511439 17.485629
0.539963 17.337633
0.545350 17.361877
0.545468 17.374090
0.551345 17.387038
0.579382 17.322746
0.595797 17.122818
0.621532 17.260592
0.647436 17.281243
0.667990 17.213366
0.672595 17.260735
0.769960 17.318849
0.788062 17.350310
0.793996 17.300587
0.822091 17.370882
0.856076 17.353402
0.863289 17.479365
0.884052 17.453551
0.889991 17.403353
0.890149 17.413041
0.924057 17.429697
0.986008 17.537965
0.992117 17.422136
1.049784 17.526967
1.132740 17.558799
1.166765 17.584074
1.176671 17.596989
