0.024065 18.058260
0.025956 18.021445
0.088260 18.101192
0.106761 18.104697
0.121953 18.096582
0.125939 18.117442
0.135558 18.145834
0.180287 18.155833
0.197686 18.181410
0.199816 18.158223
0.228706 18.188046
0.241515 18.180524
0.248735 18.170815
0.256659 18.172758
0.268967 18.111408
0.301098 18.179231
0.340202 18.191599
0.353014 18.209604
0.368157 18.230792
0.372156 18.224054
0.380462 18.256186
0.463075 18.297548
0.483695 18.327273
0.501487 18.261456
0.502830 18.309140
0.572160 17.736981
0.614370 17.418913
0.618411 17.485380
0.633555 17.463416
0.683657 17.552698
0.745054 17.666377
0.749047 17.680618
0.824539 17.815237
0.860587 17.852192
0.876650 17.905901
0.879765 17.886657
0.976116 18.005336
0.991220 17.996454
0.995305 18.022750
1.024065 18.058260
1.025956 18.021445
1.088260 18.101192
1.106761 18.104697
1.121953 18.096582
1.125939 18.117442
1.135558 18.145834
1.180287 18.155833
1.197686 18.181410
1.199816 18.158223
