0.078056 18.101363
0.090779 18.138044
0.136633 18.169177
0.194676 18.210283
0.213070 18.231245
0.329738 18.214003
0.353016 18.196966
0.365312 18.236388
0.407176 18.201924
0.443878 18.219085
0.479758 18.274777
0.500345 18.290902
0.578891 17.742481
0.614768 17.466414
0.621678 17.407707
0.667856 17.420129
0.745338 17.609820
0.756664 17.627163
0.837828 17.802755
0.862203 17.845606
0.873336 17.850595
0.880346 17.856642
0.955849 17.975995
0.972836 17.971632
0.989268 18.008110
1.078056 18.101363
1.090779 18.138044
1.136633 18.169177
1.194676 18.210283
