0.020145 18.231177
0.030589 18.250376
0.050581 18.285435
0.092417 18.348094
0.106396 18.401031
0.119302 18.378733
0.172901 18.434098
0.259124 18.492254
0.272030 18.464050
0.361585 18.445473
0.380081 18.460840
0.397465 18.443777
0.423415 18.437546
0.514315 18.547308
0.576147 18.048568
0.624203 17.461840
0.631817 17.416745
0.790544 17.900472
0.877857 18.023013
0.897793 18.030900
0.939688 18.176145
0.973957 18.187048
0.987625 18.196120
1.020145 18.231177
1.030589 18.250376
1.050581 18.285435
1.092417 18.348094
1.106396 18.401031
1.119302 18.378733
1.172901 18.434098
