0.046727 16.737754
0.081808 16.724714
0.117911 16.760087
0.120485 16.751146
0.160747 16.788120
0.162334 16.786897
0.166585 16.781655
0.236110 16.812334
0.282209 16.811943
0.393078 16.749306
0.402239 16.838031
0.508722 16.655828
0.511326 16.669231
0.517159 16.641446
0.575420 16.567931
0.595173 16.559632
0.626948 16.515787
0.632784 16.518572
0.677451 16.501409
0.691050 16.501060
0.710819 16.502152
0.856306 16.623924
0.885580 16.625802
0.966192 16.651496
0.971910 16.698883
0.982014 16.710955
1.046727 16.737754
1.081808 16.724714
1.117911 16.760087
1.120485 16.751146
1.160747 16.788120
1.162334 16.786897
1.166585 16.781655
