0.020194 17.804075
0.029852 17.832783
0.087950 17.876906
0.101741 17.899683
0.106935 17.889536
0.179941 17.986508
0.243876 17.993477
0.245884 18.015785
0.251100 17.999325
0.253171 17.990149
0.363111 17.987616
0.388687 17.962282
0.395889 17.970609
0.403121 17.955097
0.444661 17.972629
0.445069 17.995545
0.447917 18.005092
0.464048 18.035129
0.538721 17.839034
0.594668 16.985928
0.597864 16.980278
0.600934 16.958493
0.751020 17.325807
0.768343 17.373566
0.867387 17.579211
0.870186 17.577138
0.937921 17.699118
0.951730 17.702372
1.020194 17.804075
1.029852 17.832783
1.087950 17.876906
1.101741 17.899683
1.106935 17.889536
1.179941 17.986508
