0.004775 17.924327
0.007020 17.899545
0.028802 17.900289
0.035144 17.964135
0.088556 18.107947
0.102867 18.115643
0.109076 18.006093
0.189900 18.144061
0.192749 18.216491
0.195953 18.102457
0.207080 18.235409
0.215752 18.040106
0.234101 18.114328
0.235367 18.248208
0.287311 18.177887
0.320115 18.079253
0.322343 18.164884
0.350489 18.082801
0.378636 18.104010
0.403944 18.189767
0.407220 18.086824
0.417878 18.123369
0.424420 18.158872
0.454841 18.197642
0.482921 18.183615
0.508170 18.181533
0.532858 17.962450
0.536446 18.020045
0.539720 18.052219
0.550716 17.840194
0.556952 17.824103
0.559202 17.807644
0.567775 17.699097
0.587321 17.699564
0.640669 17.142585
0.654976 17.216773
0.661296 17.564916
0.665336 17.483045
0.677904 17.476756
0.683253 17.259524
0.700278 17.504948
0.713465 17.567884
0.733217 17.544039
0.742071 17.611274
0.767934 17.624278
0.786265 17.700043
0.787477 17.696192
0.792391 17.629121
0.798280 17.648480
0.810405 17.653966
0.851838 17.760812
0.855112 17.688327
0.865767 17.695167
0.872307 17.726203
0.874555 17.802630
0.902663 17.801956
0.918782 17.949728
0.924871 17.797168
0.930801 17.837388
0.956055 17.926297
0.976644 17.899125
0.987615 17.869060
0.992441 17.892282
1.004775 17.924327
1.007020 17.899545
1.028802 17.900289
1.035144 17.964135
1.088556 18.107947
1.102867 18.115643
1.109076 18.006093
1.189900 18.144061
1.192749 18.216491
1.195953 18.102457
