0.022224 18.218989
0.077173 18.273266
0.091632 18.233162
0.147602 18.277931
0.185919 18.295801
0.202549 18.333781
0.242952 18.307490
0.248778 18.299904
0.261794 18.298738
0.278366 18.359168
0.311320 18.337250
0.323869 18.342065
0.368334 18.356868
0.449250 18.453402
0.520433 18.231289
0.538325 17.997527
0.623182 17.822584
0.663724 17.768902
0.748562 17.898398
0.762033 17.912217
0.790027 17.898818
0.793148 17.910431
0.819132 18.010092
0.887431 18.096600
0.915404 18.072486
0.944511 18.126322
0.962208 18.164730
1.022224 18.218989
1.077173 18.273266
1.091632 18.233162
1.147602 18.277931
1.185919 18.295801
