0.048663 17.995556
0.087259 18.045351
0.269826 18.112230
0.270763 18.107674
0.313830 18.078422
0.352684 18.033748
0.382142 18.096561
0.423566 18.167339
0.425291 18.165029
0.456297 18.232558
0.463936 18.206133
0.497917 18.170353
0.534988 17.992215
0.567719 17.786730
0.672030 17.556262
0.673795 17.512076
0.690498 17.557184
0.710673 17.628752
0.715303 17.625439
0.752868 17.681098
0.763084 17.719321
0.826706 17.784351
0.864313 17.810650
0.937243 17.897278
0.939007 17.889190
0.975839 17.933908
0.977668 17.926856
1.048663 17.995556
1.087259 18.045351
