0.036624 18.217380
0.087865 18.327487
0.102703 18.276682
0.121186 18.310225
0.123084 18.314830
0.123495 18.310028
0.124087 18.310823
0.171996 18.342891
0.180958 18.390726
0.187267 18.347961
0.258903 18.319109
0.380191 18.377480
0.380710 18.456483
0.425007 18.404284
0.468899 18.413518
0.484930 18.265064
0.509579 18.324889
0.515622 18.192200
0.516166 18.202538
0.578851 17.770780
0.604309 17.949422
0.620361 17.768941
0.644936 17.779482
0.666301 17.793826
0.696427 17.730791
0.714311 17.843719
0.801679 17.908440
0.832013 17.992139
0.858596 17.947965
0.926617 18.052887
0.952459 18.174928
0.967296 18.138283
0.980693 18.114895
1.036624 18.217380
1.087865 18.327487
1.102703 18.276682
1.121186 18.310225
1.123084 18.314830
1.123495 18.310028
1.124087 18.310823
1.171996 18.342891
1.180958 18.390726
1.187267 18.347961
