0.023462 18.781940
0.043009 18.803710
0.048986 18.812704
0.073273 18.846278
0.076277 18.822846
0.099198 18.860615
0.099570 18.861068
0.115216 18.899775
0.154477 18.928391
0.156817 18.932793
0.166335 18.960094
0.213650 18.992280
0.298953 18.942813
0.301236 18.975032
0.310783 18.980188
0.358140 19.005727
0.367254 18.955601
0.417103 19.026093
0.420162 18.985384
0.443451 18.955277
0.511744 18.961058
0.531369 18.686772
0.561628 18.857791
0.564635 18.723568
0.587843 18.498894
0.610921 18.133546
0.611222 18.282999
0.675843 18.168017
0.755371 18.200463
0.790542 18.465531
0.858742 18.632049
0.879009 18.528277
0.904594 18.567532
0.905508 18.586750
0.908522 18.577535
0.935018 18.619019
0.955100 18.676520
1.023462 18.781940
1.043009 18.803710
1.048986 18.812704
1.073273 18.846278
1.076277 18.822846
1.099198 18.860615
1.099570 18.861068
1.115216 18.899775
1.154477 18.928391
1.156817 18.932793
1.166335 18.960094
