0.020920 15.836866
0.119837 15.919833
0.146138 15.926309
0.146959 15.926364
0.183210 15.961703
0.187537 15.944670
0.228702 15.954843
0.246211 15.960341
0.255025 15.960804
0.255765 15.958329
0.278478 15.934801
0.323877 15.930394
0.358471 15.962328
0.366427 15.953616
0.368490 15.937623
0.403162 15.992347
0.467334 16.045950
0.505315 16.011860
0.514891 15.965796
0.537605 15.663033
0.581065 15.597531
0.614161 15.385825
0.623737 15.371310
0.627615 15.345953
0.646467 15.424967
0.779023 15.578818
0.815276 15.640698
0.873248 15.682356
0.887094 15.719519
0.887871 15.698077
0.905589 15.737122
0.912076 15.740121
0.924123 15.745655
0.982095 15.785476
1.020920 15.836866
1.119837 15.919833
1.146138 15.926309
1.146959 15.926364
1.183210 15.961703
1.187537 15.944670
