0.015719 14.391604
0.057585 14.413805
0.069015 14.430458
0.079764 14.427597
0.082746 14.442074
0.116412 14.453819
0.140860 14.464931
0.159444 14.470328
0.192689 14.497822
0.209832 14.503828
0.220469 14.497416
0.232113 14.509482
0.243496 14.525346
0.261008 14.524065
0.267968 14.532353
0.309808 14.515234
0.337258 14.535145
0.343380 14.522581
0.359054 14.525681
0.388128 14.610218
0.436895 14.638347
0.464295 14.659082
0.470485 14.683646
0.500784 14.611964
0.512285 14.517290
0.522998 14.486957
0.572208 14.082202
0.589094 13.949575
0.617802 13.813277
0.627937 13.797674
0.639372 13.788441
0.650065 13.829780
0.699292 13.908922
0.716197 13.916873
0.739444 14.047706
0.766844 14.089391
0.773034 14.023336
0.866529 14.235386
0.888613 14.246089
0.890136 14.272988
0.900142 14.223886
0.930482 14.284354
0.941926 14.316209
0.952659 14.309166
1.015719 14.391604
1.057585 14.413805
1.069015 14.430458
1.079764 14.427597
1.082746 14.442074
1.116412 14.453819
1.140860 14.464931
1.159444 14.470328
1.192689 14.497822
