0.025318 16.742849
0.044862 16.720464
0.071394 16.775730
0.082465 16.792685
0.101969 16.733892
0.105291 16.817106
0.118247 16.772739
0.128646 16.823962
0.184392 16.857147
0.187007 16.852299
0.210911 16.857856
0.241394 16.877254
0.257709 16.817098
0.298490 16.924458
0.317929 16.839989
0.326460 16.891753
0.357278 16.873394
0.377845 16.843430
0.414377 16.876844
0.418639 16.870257
0.440076 16.915298
0.459317 16.902115
0.496739 16.998577
0.496904 17.002605
0.516385 16.920993
0.539609 16.755822
0.553894 16.520198
0.558120 16.541984
0.573444 16.342888
0.583478 16.235011
0.600024 16.061259
0.630491 15.966442
0.632631 15.980928
0.655861 16.084723
0.679070 16.160494
0.712921 16.222732
0.722960 16.278303
0.739433 16.279124
0.769970 16.343373
0.772092 16.364403
0.773284 16.346290
0.796222 16.358667
0.885856 16.431122
0.943000 16.633897
0.968158 16.656679
0.987825 16.615303
1.025318 16.742849
1.044862 16.720464
1.071394 16.775730
1.082465 16.792685
1.101969 16.733892
1.105291 16.817106
1.118247 16.772739
1.128646 16.823962
1.184392 16.857147
1.187007 16.852299
