0.006791 13.561994
0.006946 13.560241
0.023191 13.587271
0.057558 13.629782
0.063304 13.648229
0.081806 13.672461
0.102491 13.688768
0.105294 13.693912
0.136853 13.718307
0.159800 13.740528
0.164357 13.735098
0.178252 13.738186
0.207033 13.738806
0.222928 13.746041
0.232008 13.736089
0.278024 13.758834
0.300959 13.775610
0.319413 13.787822
0.342811 13.793438
0.347291 13.794114
0.379687 13.779763
0.388453 13.777520
0.392883 13.774284
0.393501 13.780415
0.438510 13.829433
0.483978 13.890132
0.484136 13.880624
0.500322 13.878781
0.518279 13.857690
0.520860 13.846498
0.579677 13.190747
0.625304 12.687845
0.641544 12.701758
0.659454 12.733779
0.687176 12.840226
0.754808 13.052597
0.755217 13.041019
0.760143 13.082330
0.827586 13.226199
0.842252 13.260257
0.865568 13.317370
0.870071 13.321440
0.895981 13.366510
0.915696 13.405551
0.922146 13.413098
0.944162 13.458449
0.961323 13.484520
0.964121 13.487948
0.977568 13.508078
1.006791 13.561994
1.006946 13.560241
1.023191 13.587271
1.057558 13.629782
1.063304 13.648229
1.081806 13.672461
1.102491 13.688768
1.105294 13.693912
1.136853 13.718307
1.159800 13.740528
1.164357 13.735098
1.178252 13.738186
