0.005576 14.915051
0.021731 14.904098
0.052495 14.921998
0.054775 14.926772
0.058321 14.931317
0.069323 14.939602
0.142788 14.975721
0.152170 14.964274
0.166105 14.976336
0.168388 14.968135
0.182940 14.997357
0.200998 14.989832
0.265818 15.008691
0.292158 15.023935
0.323881 15.020144
0.328794 15.022059
0.339763 15.029607
0.371028 15.054734
0.436531 15.045418
0.437450 15.033848
0.438822 15.031575
0.442406 15.028158
0.453376 15.020408
0.469251 15.010221
0.484608 14.984981
0.531132 14.833162
0.550142 14.800523
0.552438 14.793250
0.567797 14.769396
0.674666 14.692590
0.681402 14.695954
0.689583 14.683175
0.707923 14.721236
0.713191 14.713210
0.723806 14.726602
0.758784 14.734585
0.782072 14.754690
0.789802 14.757385
0.833051 14.801330
0.837418 14.801746
0.872356 14.822508
0.908119 14.835231
0.945107 14.864259
1.005576 14.915051
1.021731 14.904098
1.052495 14.921998
1.054775 14.926772
1.058321 14.931317
1.069323 14.939602
1.142788 14.975721
1.152170 14.964274
1.166105 14.976336
1.168388 14.968135
1.182940 14.997357
