0.003222 20.297161
0.034897 20.325063
0.064679 20.347386
0.091918 20.384871
0.112334 20.415999
0.116749 20.480648
0.119848 20.454239
0.148284 20.565189
0.198547 20.547179
0.214437 20.500070
0.268285 20.477171
0.334572 20.429272
0.447959 20.521954
0.469393 20.517702
0.582763 20.130731
0.681401 19.785273
0.717853 19.881997
0.765002 20.047786
0.831240 20.070749
0.849994 20.136782
0.867708 20.100271
0.885039 20.086726
0.914844 20.190512
0.928691 20.247042
0.998429 20.362247
0.999006 20.334561
1.003222 20.297161
1.034897 20.325063
1.064679 20.347386
1.091918 20.384871
1.112334 20.415999
1.116749 20.480648
1.119848 20.454239
1.148284 20.565189
1.198547 20.547179
