0.016373 17.571515
0.030675 17.596713
0.049264 17.605159
0.057305 17.602892
0.063193 17.607440
0.065457 17.625313
0.068145 17.628827
0.093094 17.637645
0.097157 17.597119
0.153919 17.654264
0.169247 17.682719
0.188681 17.679503
0.191345 17.684090
0.216343 17.615695
0.235230 17.689530
0.260232 17.671511
0.278919 17.695375
0.292630 17.695757
0.306674 17.679488
0.340066 17.710918
0.348979 17.715531
0.350562 17.735151
0.360207 17.717706
0.383433 17.747408
0.461239 17.789887
0.465728 17.782281
0.469003 17.792247
0.473764 17.828745
0.481910 17.770851
0.483466 17.723991
0.509599 17.602730
0.541953 17.426403
0.592214 17.220314
0.655301 17.282537
0.665165 17.275524
0.676685 17.208550
0.754514 17.304335
0.767042 17.298279
0.769909 17.363410
0.772207 17.349525
0.774845 17.329541
0.799886 17.366272
0.843782 17.423418
0.890174 17.460187
0.898368 17.459288
0.926060 17.476612
0.954247 17.529219
0.985646 17.542990
1.016373 17.571515
1.030675 17.596713
1.049264 17.605159
1.057305 17.602892
1.063193 17.607440
1.065457 17.625313
1.068145 17.628827
1.093094 17.637645
1.097157 17.597119
1.153919 17.654264
1.169247 17.682719
1.188681 17.679503
1.191345 17.684090
