0.055929 20.593582
0.167104 20.553023
0.171330 20.601785
0.184404 20.641101
0.210175 20.767346
0.215811 20.708594
0.217079 20.557782
0.238176 20.440298
0.282850 20.843126
0.299805 20.433304
0.323466 20.748996
0.325574 20.630298
0.331205 20.634601
0.386427 20.629462
0.501774 20.562234
0.523539 20.311843
0.526445 20.458382
0.542896 20.420825
0.549906 20.267945
0.552538 20.388819
0.638929 20.393718
0.665304 20.173855
0.714670 20.002847
0.736100 20.289204
0.777390 20.651485
0.778678 20.273886
0.812722 20.284308
0.851448 20.384107
0.892784 20.319648
0.894078 20.314701
1.055929 20.593582
1.167104 20.553023
1.171330 20.601785
1.184404 20.641101
