0.009157 14.584066
0.016252 14.610602
0.021761 14.671725
0.081630 14.750238
0.084408 14.749657
0.089031 14.734107
0.141257 14.742367
0.144271 14.814394
0.147766 14.697575
0.151421 14.764157
0.154913 14.749026
0.157658 14.822003
0.220230 14.877007
0.223006 14.897874
0.282921 14.908235
0.290069 14.885812
0.335861 14.823742
0.471308 14.901307
0.477867 14.878103
0.481377 14.877740
0.481799 14.874655
0.490433 14.911046
0.550315 14.508905
0.564506 14.483322
0.567532 14.384790
0.620447 13.963567
0.651211 13.938648
0.675595 13.992761
0.688968 14.066225
0.703220 14.049494
0.719846 14.005965
0.751600 14.266483
0.754378 14.199413
0.789870 14.282126
0.814245 14.411666
0.821398 14.246813
0.831825 14.309746
0.846852 14.331101
0.854502 14.461093
0.858544 14.384969
0.892209 14.428822
0.950471 14.560057
0.959103 14.587614
0.970435 14.566947
0.993166 14.657074
1.009157 14.584066
1.016252 14.610602
1.021761 14.671725
1.081630 14.750238
1.084408 14.749657
1.089031 14.734107
1.141257 14.742367
1.144271 14.814394
1.147766 14.697575
1.151421 14.764157
1.154913 14.749026
1.157658 14.822003
