0.004447 17.726331
0.024529 17.768757
0.034963 17.779236
0.049474 17.803929
0.058154 17.803029
0.075183 17.815749
0.093772 17.857145
0.150053 17.844372
0.178766 17.908433
0.187472 17.870509
0.196503 17.932330
0.200683 17.914295
0.279445 17.953346
0.303945 17.934492
0.304415 17.966371
0.312343 17.930685
0.325902 17.934716
0.326295 17.937365
0.330077 17.937238
0.336784 17.930114
0.377727 17.955172
0.392203 17.982734
0.401643 17.947957
0.405006 18.003194
0.433770 18.063601
0.466127 18.046446
0.507127 18.077252
0.530986 17.961202
0.538485 17.866605
0.542535 17.722470
0.587317 17.195211
0.597741 17.156810
0.611834 17.099452
0.637956 16.990886
0.667824 17.062273
0.709893 17.245689
0.712883 17.237532
0.727087 17.290737
0.763512 17.361190
0.767302 17.366220
0.774000 17.372782
0.784060 17.462707
0.815391 17.510173
0.826333 17.482290
0.838862 17.523777
0.839247 17.529968
0.842178 17.501017
0.888656 17.610383
0.903345 17.613356
1.004447 17.726331
1.024529 17.768757
1.034963 17.779236
1.049474 17.803929
1.058154 17.803029
1.075183 17.815749
1.093772 17.857145
1.150053 17.844372
1.178766 17.908433
1.187472 17.870509
1.196503 17.932330
