0.005727 17.306729
0.013730 17.306778
0.028178 17.325787
0.045223 17.357073
0.083435 17.366654
0.112696 17.398881
0.121921 17.404766
0.135225 17.395797
0.138334 17.406511
0.148435 17.411813
0.149749 17.411507
0.192050 17.426533
0.205023 17.440808
0.219755 17.439434
0.229017 17.444624
0.234231 17.436360
0.261786 17.438742
0.263387 17.432352
0.269984 17.447014
0.270085 17.438998
0.295028 17.441872
0.297712 17.436431
0.316010 17.435097
0.350558 17.420587
0.354416 17.418906
0.365075 17.439853
0.375163 17.441153
0.383283 17.458799
0.384886 17.446001
0.424576 17.506876
0.427583 17.504649
0.454878 17.534332
0.476005 17.527568
0.494326 17.536547
0.496744 17.532697
0.532766 17.327802
0.546118 17.218685
0.549169 17.177548
0.559408 17.109395
0.561297 17.129156
0.561627 17.111757
0.602888 16.966868
0.639857 16.903113
0.672600 16.916446
0.674245 16.925321
0.682879 16.954403
0.705865 16.991509
0.706965 16.979820
0.708569 16.977228
0.711078 16.982716
0.724428 16.997470
0.744194 17.058142
0.761263 17.062058
0.761395 17.076806
0.765313 17.063696
0.794177 17.095053
0.828512 17.136312
0.850936 17.160510
0.882860 17.188529
0.905168 17.214256
0.943613 17.258499
0.967131 17.268236
0.972479 17.267617
1.005727 17.306729
1.013730 17.306778
1.028178 17.325787
1.045223 17.357073
1.083435 17.366654
1.112696 17.398881
1.121921 17.404766
1.135225 17.395797
1.138334 17.406511
1.148435 17.411813
1.149749 17.411507
1.192050 17.426533
