0.070435 17.328811
0.094587 17.350509
0.100105 17.341299
0.148667 17.370411
0.152814 17.384594
0.206219 17.389585
0.260319 17.402440
0.264414 17.418582
0.313596 17.436579
0.358844 17.480821
0.363533 17.485042
0.378869 17.495690
0.424621 17.514511
0.425374 17.505842
0.471964 17.405990
0.523505 17.226493
0.577716 17.075045
0.583609 17.059355
0.635153 17.007613
0.727483 17.068470
0.741975 17.080427
0.754190 17.097899
0.843432 17.164208
0.848803 17.167585
0.853583 17.187458
0.865873 17.184913
0.900947 17.219743
0.955122 17.261078
0.960442 17.258882
0.988460 17.270190
1.070435 17.328811
1.094587 17.350509
1.100105 17.341299
1.148667 17.370411
1.152814 17.384594
