0.018007 16.942354
0.039485 17.067160
0.065165 17.043611
0.087627 17.046449
0.091743 17.046104
0.110957 17.062830
0.148019 17.086606
0.187260 17.087629
0.235469 17.114955
0.255303 17.103090
0.258797 17.221568
0.351222 17.158679
0.377537 17.144762
0.403084 17.162676
0.416870 17.219770
0.416952 17.276019
0.496986 17.023845
0.499030 17.062587
0.564652 16.702874
0.644782 16.518087
0.762891 16.367666
0.815406 16.560183
0.861408 16.715254
0.870213 16.753063
0.910684 16.821041
0.939709 16.906800
0.943482 16.819258
0.943961 16.917683
1.018007 16.942354
1.039485 17.067160
1.065165 17.043611
1.087627 17.046449
1.091743 17.046104
1.110957 17.062830
1.148019 17.086606
1.187260 17.087629
