0.043819 16.752443
0.069733 16.767921
0.141423 16.828532
0.144725 16.835841
0.191335 16.839179
0.272380 16.877164
0.290196 16.878197
0.328790 16.883874
0.409837 16.927655
0.411909 16.908769
0.440517 16.962330
0.471933 17.001733
0.494351 17.007443
0.518790 16.923356
0.520201 16.911548
0.577972 16.266638
0.631819 15.961001
0.644847 16.024097
0.656251 16.066669
0.657535 16.056363
0.657670 16.067710
0.690231 16.140577
0.724262 16.208430
0.737029 16.259121
0.738904 16.233056
0.739119 16.241240
0.759046 16.284897
0.782317 16.371966
0.785313 16.339285
0.795043 16.397480
0.827685 16.435373
0.876362 16.512942
0.882045 16.535254
0.922782 16.573199
0.932273 16.584776
1.043819 16.752443
1.069733 16.767921
1.141423 16.828532
1.144725 16.835841
1.191335 16.839179
