0.011747 19.243846
0.022002 19.228749
0.075649 19.277992
0.138273 19.176973
0.151774 19.486350
0.159481 19.360188
0.224570 19.372619
0.283037 19.383143
0.320771 19.317547
0.384763 19.332095
0.409625 19.241451
0.507666 19.350167
0.529526 19.373219
0.587231 19.002695
0.623544 18.847473
0.753316 18.881874
0.773236 18.898355
0.811589 18.981449
0.856321 19.049688
0.881967 19.226989
0.903020 19.001702
1.011747 19.243846
1.022002 19.228749
1.075649 19.277992
1.138273 19.176973
1.151774 19.486350
1.159481 19.360188
