0.024433 14.522878
0.026325 14.462892
0.053480 14.488844
0.068014 14.522375
0.089253 14.541322
0.090814 14.534150
0.091101 14.522581
0.100101 14.562184
0.167648 14.625503
0.196699 14.633689
0.199473 14.576897
0.243260 14.622862
0.309478 14.584343
0.344747 14.677921
0.399045 14.700903
0.406905 14.692155
0.407853 14.654647
0.452743 14.632115
0.456199 14.720202
0.463778 14.667279
0.483627 14.734108
0.540389 14.076375
0.542258 14.694095
0.550059 14.584808
0.551079 14.360035
0.584199 13.845127
0.606994 14.036895
0.626848 13.766498
0.706167 13.775398
0.727109 14.093893
0.800755 14.247843
0.828804 14.130726
0.849379 14.167695
0.851037 14.170152
0.883150 14.229294
0.912556 14.296052
0.919113 14.313476
0.943918 14.421606
0.947833 14.376108
0.972022 14.377888
1.024433 14.522878
1.026325 14.462892
1.053480 14.488844
1.068014 14.522375
1.089253 14.541322
1.090814 14.534150
1.091101 14.522581
1.100101 14.562184
1.167648 14.625503
1.196699 14.633689
1.199473 14.576897
