0.001310 20.074663
0.018068 20.070652
0.020681 20.205296
0.038994 20.188911
0.050920 20.343586
0.083140 20.241137
0.120751 20.233251
0.132799 20.281973
0.170366 20.268051
0.179273 20.244109
0.230518 20.234860
0.232963 20.328290
0.447058 20.191213
0.463132 20.259156
0.473976 20.409659
0.494625 20.294356
0.550111 20.072221
0.571905 19.832945
0.582574 20.122827
0.593399 19.844691
0.614071 19.673425
0.753808 19.874465
0.890596 20.001894
0.898622 20.003360
0.953102 20.129669
1.001310 20.074663
1.018068 20.070652
1.020681 20.205296
1.038994 20.188911
1.050920 20.343586
1.083140 20.241137
1.120751 20.233251
1.132799 20.281973
1.170366 20.268051
1.179273 20.244109
