0.047375 14.534632
0.053327 14.544470
0.056897 14.543564
0.060810 14.542010
0.081095 14.546019
0.142732 14.589007
0.162992 14.589402
0.170826 14.607579
0.172785 14.606027
0.183142 14.612477
0.193029 14.638294
0.243521 14.629013
0.289189 14.642993
0.299084 14.628733
0.309510 14.625763
0.347892 14.651676
0.353817 14.658465
0.353855 14.660977
0.361300 14.678292
0.383404 14.688485
0.402727 14.708149
0.416609 14.730775
0.435754 14.734440
0.471319 14.726255
0.480010 14.699010
0.500357 14.662099
0.507785 14.611502
0.509661 14.617968
0.518956 14.582371
0.542848 14.451665
0.555905 14.319378
0.589737 14.164146
0.597561 14.108915
0.599594 14.119631
0.626597 14.059216
0.630157 14.017848
0.634076 14.063092
0.650370 14.045438
0.654354 14.050851
0.700441 14.140535
0.715983 14.179919
0.736201 14.190261
0.746065 14.203292
0.752936 14.221527
0.756400 14.211637
0.772445 14.245063
0.776624 14.242246
0.780548 14.259175
0.780598 14.259389
0.816750 14.298047
0.826681 14.322134
0.862494 14.368484
0.871910 14.368798
0.872373 14.362326
0.882774 14.374088
0.898048 14.388760
0.898702 14.393974
0.906789 14.407616
0.921123 14.418045
0.927122 14.429392
0.934568 14.438397
0.942956 14.439494
0.998213 14.496505
1.047375 14.534632
1.053327 14.544470
1.056897 14.543564
1.060810 14.542010
1.081095 14.546019
1.142732 14.589007
1.162992 14.589402
1.170826 14.607579
1.172785 14.606027
1.183142 14.612477
1.193029 14.638294
