0.006458 15.200071
0.028743 15.278906
0.040262 15.319501
0.042613 15.258872
0.092877 15.286831
0.119605 15.385915
0.150360 15.393459
0.161265 15.463939
0.187353 15.428731
0.213234 15.384979
0.237728 15.529227
0.255644 15.434578
0.285055 15.508272
0.311109 15.437498
0.323078 15.474459
0.338682 15.530938
0.359625 15.422717
0.363580 15.554082
0.365771 15.428931
0.367197 15.567144
0.399583 15.479686
0.411803 15.424402
0.416091 15.432431
0.420770 15.557529
0.450615 15.467578
0.453242 15.543681
0.465698 15.464232
0.473559 15.499187
0.502964 15.548968
0.514345 15.422563
0.535352 15.321069
0.547519 15.192025
0.601472 14.855474
0.635078 14.602494
0.646314 14.572671
0.743984 14.779572
0.773792 14.981657
0.800184 14.893715
0.810811 15.106768
0.820186 14.946247
0.826126 14.986485
0.858471 15.054780
0.870688 15.086884
0.879751 15.094414
0.892965 15.113478
0.904649 15.119521
0.909566 15.132022
0.935955 15.162521
0.957161 15.159866
0.958222 15.190358
0.961892 15.214736
0.987954 15.243846
0.994242 15.265936
1.006458 15.200071
1.028743 15.278906
1.040262 15.319501
1.042613 15.258872
1.092877 15.286831
1.119605 15.385915
1.150360 15.393459
1.161265 15.463939
1.187353 15.428731
