0.014590 12.921863
0.017240 12.957442
0.019634 12.949055
0.037649 12.959115
0.056887 12.983719
0.064284 12.980785
0.137789 13.043824
0.165416 13.055399
0.180866 13.054710
0.194223 13.050432
0.203885 13.063419
0.217002 13.059508
0.230548 13.073256
0.241516 13.081162
0.241534 13.078828
0.304025 13.103479
0.382833 13.129807
0.383201 13.124362
0.407756 13.169087
0.408304 13.166299
0.415382 13.178971
0.452641 13.223744
0.502270 13.251773
0.561178 12.872925
0.576659 12.681353
0.581645 12.615320
0.618840 12.281849
0.632300 12.266579
0.668532 12.323890
0.765817 12.579513
0.779019 12.569124
0.798474 12.630895
0.803449 12.644123
0.969684 12.890242
1.014590 12.921863
1.017240 12.957442
1.019634 12.949055
1.037649 12.959115
1.056887 12.983719
1.064284 12.980785
1.137789 13.043824
1.165416 13.055399
1.180866 13.054710
1.194223 13.050432
