0.011650 17.157312
0.028014 17.184546
0.040700 17.123226
0.048267 17.165977
0.072250 17.215763
0.073391 17.222180
0.128062 17.250240
0.131605 17.204673
0.200673 17.269006
0.201811 17.306124
0.353946 17.342920
0.358153 17.377135
0.365783 17.375950
0.433754 17.364375
0.446412 17.253888
0.465495 17.390820
0.482366 17.284305
0.485531 17.439356
0.486575 17.422725
0.494205 17.321977
0.507491 17.212334
0.524401 17.061930
0.562161 16.966667
0.565654 16.939736
0.593917 16.607968
0.638099 16.576509
0.652805 16.706832
0.679169 16.629578
0.689269 16.660815
0.694073 16.745038
0.766569 16.857595
0.767718 16.840991
0.791209 16.839075
0.807642 16.888082
0.817674 16.877243
0.899546 16.995119
0.919844 17.042427
0.999704 17.135218
1.011650 17.157312
1.028014 17.184546
1.040700 17.123226
1.048267 17.165977
1.072250 17.215763
1.073391 17.222180
1.128062 17.250240
1.131605 17.204673
