0.010498 16.001771
0.015197 16.020710
0.022024 16.025710
0.034502 16.054721
0.068626 16.047175
0.073917 16.031618
0.103138 16.052620
0.109953 16.077050
0.114032 16.090315
0.115865 16.088451
0.122490 16.088352
0.129307 16.102769
0.133373 16.117656
0.181195 16.119524
0.197872 16.130872
0.201970 16.137183
0.210421 16.132358
0.217234 16.135090
0.221315 16.148981
0.223100 16.134133
0.223285 16.118095
0.242653 16.127134
0.244477 16.140616
0.265857 16.137753
0.285796 16.113337
0.289906 16.143684
0.298371 16.141474
0.305153 16.151406
0.309252 16.176685
0.327542 16.162577
0.348661 16.175210
0.369497 16.217071
0.373098 16.201792
0.377874 16.196775
0.384628 16.220621
0.388969 16.213920
0.436546 16.209018
0.455938 16.186344
0.465675 16.193999
0.465786 16.220666
0.472593 16.241956
0.476679 16.229937
0.476808 16.259050
0.485126 16.215903
0.496021 16.196711
0.496207 16.200249
0.498013 16.137469
0.528411 15.935162
0.540581 15.894736
0.543824 15.883914
0.560512 15.785619
0.564615 15.795076
0.573005 15.807436
0.573070 15.747359
0.579874 15.731238
0.583961 15.742400
0.598708 15.668323
0.605294 15.727076
0.622956 15.719948
0.628500 15.643722
0.635659 15.701139
0.648442 15.635821
0.652551 15.635753
0.659376 15.639246
0.667752 15.649817
0.671857 15.683829
0.672734 15.707885
0.675632 15.705331
0.711248 15.792840
0.735783 15.728061
0.740164 15.703895
0.747312 15.759672
0.751386 15.774963
0.751605 15.762724
0.759834 15.820057
0.770724 15.821079
0.818556 15.864378
0.835232 15.840921
0.839324 15.871696
0.841470 15.866624
0.847773 15.867775
0.854553 15.883800
0.858669 15.915771
0.860620 15.887510
0.893233 15.921458
0.903217 15.921802
0.923153 15.938700
0.927260 15.947240
0.928108 15.966943
0.931005 15.950420
0.935720 15.952414
0.942513 15.962401
0.946607 15.990414
0.961347 15.964921
0.967930 15.976589
1.010498 16.001771
1.015197 16.020710
1.022024 16.025710
1.034502 16.054721
1.068626 16.047175
1.073917 16.031618
1.103138 16.052620
1.109953 16.077050
1.114032 16.090315
1.115865 16.088451
1.122490 16.088352
1.129307 16.102769
1.133373 16.117656
1.181195 16.119524
1.197872 16.130872
