0.025266 18.955120
0.085450 18.912093
0.166484 19.032560
0.211402 19.042820
0.213699 19.126282
0.282062 18.977991
0.294761 19.007216
0.316851 19.121294
0.342696 19.100917
0.389569 19.092083
0.423709 19.063700
0.430529 19.047720
0.438478 19.123441
0.445849 19.040999
0.463400 19.072714
0.558685 18.799513
0.632728 18.557531
0.647609 18.539855
0.687632 18.509201
0.696620 18.399844
0.742364 18.609836
0.745528 18.650099
0.756795 18.656405
0.776605 18.678199
0.848849 18.750969
0.931818 18.852824
0.975014 18.895555
0.977846 18.902834
1.025266 18.955120
1.085450 18.912093
1.166484 19.032560
