0.010584 17.394962
0.024359 17.406492
0.065297 17.478225
0.085121 17.483727
0.096098 17.521754
0.105292 17.504156
0.116274 17.518976
0.132393 17.536020
0.174256 17.575796
0.188003 17.581610
0.199903 17.556381
0.202847 17.600076
0.228908 17.606914
0.239171 17.602541
0.279902 17.583529
0.343870 17.584790
0.366416 17.611175
0.471371 17.656144
0.485480 17.672741
0.494733 17.675815
0.552246 17.508091
0.563689 17.308930
0.621238 16.582335
0.628547 16.579630
0.634918 16.586099
0.638093 16.613781
0.649066 16.660354
0.669343 16.661115
0.749632 16.909990
0.755750 16.964094
0.788997 17.044484
0.801681 17.080653
0.806905 17.046822
0.832953 17.125374
0.896836 17.248596
0.919400 17.283548
0.932448 17.295620
0.941682 17.301855
0.952579 17.352016
1.010584 17.394962
1.024359 17.406492
1.065297 17.478225
1.085121 17.483727
1.096098 17.521754
1.105292 17.504156
1.116274 17.518976
1.132393 17.536020
1.174256 17.575796
1.188003 17.581610
1.199903 17.556381
