0.028758 17.814377
0.041705 17.842606
0.083081 17.852765
0.130243 17.915017
0.137409 17.902863
0.191737 17.927185
0.209153 17.939479
0.222962 17.910256
0.231091 17.951258
0.246006 17.932682
0.277236 17.932259
0.286563 17.963436
0.292206 17.990574
0.300373 17.961101
0.331557 17.996793
0.350384 17.992111
0.370995 18.017438
0.374658 18.011362
0.385968 18.005872
0.478877 17.988846
0.490207 17.949614
0.501600 17.936635
0.518573 17.823517
0.548928 17.751082
0.555866 17.726769
0.625263 17.418794
0.658399 17.331232
0.664573 17.331374
0.695800 17.408515
0.718899 17.432969
0.750072 17.507261
0.773218 17.552394
0.804401 17.569515
0.858740 17.687475
0.913100 17.719259
0.990362 17.809147
0.991402 17.812257
1.028758 17.814377
1.041705 17.842606
1.083081 17.852765
1.130243 17.915017
1.137409 17.902863
1.191737 17.927185
