0.010829 18.729156
0.030421 18.782827
0.089502 18.840741
0.101573 18.824368
0.110992 18.803197
0.115611 18.829493
0.134308 18.850875
0.162591 18.845333
0.221724 18.875675
0.240417 18.870685
0.322905 18.877934
0.325104 18.863357
0.372637 18.884727
0.477358 19.008626
0.536449 18.827272
0.592507 18.327084
0.642549 18.152403
0.668670 18.216834
0.687310 18.260048
0.696056 18.301332
0.793081 18.465392
0.819582 18.494479
0.839107 18.526997
0.969354 18.679595
0.971328 18.677981
0.983391 18.705247
1.010829 18.729156
1.030421 18.782827
1.089502 18.840741
1.101573 18.824368
1.110992 18.803197
1.115611 18.829493
1.134308 18.850875
1.162591 18.845333
