0.027797 16.855103
0.038888 16.896783
0.039566 16.861990
0.117477 16.940186
0.134024 16.943683
0.137687 16.930506
0.156675 16.944775
0.168430 16.939181
0.209987 16.961135
0.231367 16.978205
0.338867 16.998885
0.360225 17.021005
0.440704 17.048202
0.444413 17.119435
0.463439 17.126583
0.506422 16.924374
0.569613 16.605888
0.573277 16.573247
0.603972 16.505182
0.614798 16.457876
0.721029 16.448362
0.732834 16.526245
0.743658 16.590485
0.758085 16.523674
0.770258 16.577219
0.813146 16.690815
0.815581 16.612484
0.910049 16.761092
0.944463 16.759938
0.988644 16.851644
1.027797 16.855103
1.038888 16.896783
1.039566 16.861990
1.117477 16.940186
1.134024 16.943683
1.137687 16.930506
1.156675 16.944775
1.168430 16.939181
