0.023325 20.476575
0.039020 20.481474
0.039225 20.529209
0.047623 20.528874
0.116354 20.412215
0.118319 20.480561
0.132142 20.503683
0.178744 20.487980
0.304676 20.604925
0.306572 20.549330
0.308443 20.457443
0.321044 20.516196
0.402676 20.435541
0.481976 20.362586
0.487105 20.452424
0.495725 20.422484
0.496693 20.397857
0.507380 20.393455
0.675646 20.289926
0.695675 20.124740
0.764439 20.223673
0.863922 20.083676
0.936453 20.471135
0.952717 20.423195
1.023325 20.476575
1.039020 20.481474
1.039225 20.529209
1.047623 20.528874
1.116354 20.412215
1.118319 20.480561
1.132142 20.503683
1.178744 20.487980
