0.013918 17.184970
0.064260 17.266807
0.075996 17.266116
0.081638 17.257210
0.123891 17.249182
0.184828 17.257279
0.220346 17.274128
0.239278 17.269635
0.330321 17.345775
0.337683 17.345983
0.349253 17.317023
0.446635 17.354794
0.447743 17.372048
0.592094 16.993345
0.611111 16.961532
0.662138 16.950060
0.721083 16.907203
0.758253 16.994135
0.792855 17.066275
0.868243 17.102159
0.902833 17.113873
0.954283 17.196990
0.971749 17.200086
1.013918 17.184970
1.064260 17.266807
1.075996 17.266116
1.081638 17.257210
1.123891 17.249182
1.184828 17.257279
