0.001255 17.451045
0.059763 17.500913
0.061964 17.507975
0.065340 17.509807
0.095931 17.524475
0.098958 17.523219
0.158872 17.546789
0.182699 17.559177
0.195003 17.547151
0.378170 17.662217
0.394791 17.675796
0.627989 17.230641
0.664985 17.233192
0.727065 17.279796
0.764059 17.303367
0.830706 17.362550
0.902169 17.421863
0.929778 17.429005
0.962890 17.435444
0.966269 17.435167
0.986809 17.454882
0.999845 17.462558
1.001255 17.451045
1.059763 17.500913
1.061964 17.507975
1.065340 17.509807
1.095931 17.524475
1.098958 17.523219
1.158872 17.546789
1.182699 17.559177
1.195003 17.547151
