0.103789 17.232870
0.106855 17.234562
0.116617 17.240402
0.116994 17.251451
0.119389 17.240446
0.218119 17.262676
0.218777 17.266866
0.232000 17.274881
0.267641 17.277596
0.333090 17.299687
0.344453 17.308841
0.382630 17.321026
0.390321 17.312773
0.443803 17.316285
0.444375 17.312003
0.459355 17.300151
0.515931 17.198424
0.558789 17.110744
0.656339 16.999539
0.718116 17.021005
0.727919 17.030506
0.771286 17.039061
0.833119 17.076540
0.845648 17.090336
0.864225 17.097424
1.103789 17.232870
1.106855 17.234562
1.116617 17.240402
1.116994 17.251451
1.119389 17.240446
