0.004060 18.298861
0.006772 18.305229
0.034845 18.331493
0.041272 18.345673
0.095998 18.371264
0.133687 18.406447
0.164520 18.409226
0.170960 18.410800
0.206008 18.419590
0.291381 18.426867
0.294193 18.418924
0.315415 18.433897
0.321928 18.431367
0.356401 18.475653
0.389007 18.514278
0.404663 18.530810
0.421118 18.521974
0.438709 18.568690
0.442431 18.568693
0.445153 18.543371
0.563092 18.077721
0.565719 18.039737
0.572085 17.999164
0.593247 17.882779
0.602890 17.848245
0.641163 17.836982
0.665572 17.879344
0.692718 17.928709
0.695394 17.935262
0.721081 17.984155
0.732578 18.018510
0.753886 18.037928
0.795243 18.067617
0.806636 18.101087
0.842998 18.139494
0.850772 18.134292
0.877085 18.209386
0.883538 18.183552
0.918028 18.240771
0.921586 18.227219
0.936327 18.243980
0.949821 18.259163
0.982734 18.292728
1.004060 18.298861
1.006772 18.305229
1.034845 18.331493
1.041272 18.345673
1.095998 18.371264
1.133687 18.406447
1.164520 18.409226
1.170960 18.410800
