0.001357 17.230428
0.033547 17.215903
0.035153 17.228462
0.047998 17.208573
0.051401 17.231963
0.065209 17.259831
0.196101 17.387282
0.198409 17.332454
0.261055 17.354106
0.267192 17.350341
0.270915 17.313290
0.313061 17.336128
0.363170 17.367637
0.398137 17.396272
0.422881 17.426530
0.427621 17.374568
0.443980 17.398050
0.477784 17.292933
0.494129 17.271737
0.558565 17.099023
0.608777 16.994808
0.641071 16.857453
0.739264 17.001039
0.755693 16.991298
0.870276 17.088676
0.886698 17.111526
0.917056 17.137088
0.920493 17.111131
1.001357 17.230428
1.033547 17.215903
1.035153 17.228462
1.047998 17.208573
1.051401 17.231963
1.065209 17.259831
1.196101 17.387282
1.198409 17.332454
