0.001119 18.173923
0.033222 18.202552
0.068642 18.193816
0.100981 18.211644
0.208473 18.307527
0.221395 18.326574
0.222283 18.326003
0.253276 18.330781
0.254965 18.339376
0.300541 18.410962
0.361214 18.345066
0.361990 18.371881
0.374977 18.376420
0.396839 18.344498
0.437592 18.510589
0.514726 18.328063
0.516975 17.922927
0.522116 18.095970
0.584994 17.905613
0.623874 17.893443
0.626293 17.735044
0.674871 17.617671
0.692167 17.686237
0.737750 17.705724
0.776631 17.649807
0.800861 17.718441
0.844906 17.994504
0.848362 18.028156
0.858642 17.894299
0.880541 18.063095
0.889723 17.974438
0.891378 17.961415
0.936945 18.001892
1.001119 18.173923
1.033222 18.202552
1.068642 18.193816
1.100981 18.211644
