0.055810 19.182139
0.073059 19.202003
0.092363 19.332936
0.149139 19.311846
0.184030 19.245390
0.189314 19.221666
0.214646 19.329989
0.223337 19.254728
0.226193 18.887376
0.232184 19.443183
0.323915 19.352522
0.356033 19.197263
0.363157 19.265802
0.366009 19.233164
0.378389 19.018168
0.388643 19.320879
0.399161 19.376654
0.443312 19.428115
0.518224 19.083736
0.538998 18.786019
0.583090 18.992834
0.661990 18.950907
0.673344 18.735453
0.688837 19.030075
0.695970 18.939747
0.711415 18.792521
0.734418 18.733905
0.796591 18.766872
0.813165 18.999463
0.816225 18.914010
0.835792 18.806367
0.874181 18.903906
0.915927 19.076308
0.947739 19.246020
0.994827 18.959067
1.055810 19.182139
1.073059 19.202003
1.092363 19.332936
1.149139 19.311846
1.184030 19.245390
1.189314 19.221666
