0.027372 16.964235
0.032802 16.961889
0.059537 16.992298
0.083940 17.012134
0.162938 17.041564
0.168292 17.048199
0.194923 17.070175
0.221434 17.068225
0.243288 17.082814
0.298097 17.079113
0.298429 17.085653
0.305778 17.082184
0.349970 17.095043
0.373164 17.131097
0.376582 17.108164
0.382779 17.124696
0.441218 17.206360
0.449220 17.207165
0.474395 17.216269
0.490674 17.192006
0.512016 17.131708
0.517300 17.113874
0.575038 16.592091
0.584720 16.536603
0.620810 16.350495
0.642794 16.382522
0.652787 16.414333
0.705166 16.527821
0.737156 16.583629
0.763552 16.635550
0.798923 16.678540
0.814713 16.699561
0.830974 16.737109
0.836905 16.730333
0.873329 16.790077
0.972349 16.908870
0.975161 16.905393
0.975697 16.908990
1.027372 16.964235
1.032802 16.961889
1.059537 16.992298
1.083940 17.012134
1.162938 17.041564
1.168292 17.048199
1.194923 17.070175
