0.017410 18.378783
0.026405 18.378216
0.050293 18.419702
0.062281 18.418941
0.080655 18.383504
0.140692 18.461038
0.143683 18.454756
0.167602 18.452393
0.179552 18.444845
0.197933 18.429939
0.212685 18.485179
0.240543 18.439070
0.252879 18.460183
0.271819 18.486695
0.313241 18.464342
0.321012 18.489642
0.329959 18.493207
0.357823 18.476126
0.419842 18.525722
0.438281 18.505827
0.446719 18.499905
0.477041 18.426098
0.537118 18.289892
0.563951 18.336798
0.594362 18.237185
0.609101 18.187133
0.625825 18.202207
0.653604 18.155226
0.692030 18.173377
0.697651 18.171514
0.743092 18.188510
0.798696 18.261298
0.809307 18.280549
0.816266 18.257775
0.843149 18.283896
0.844108 18.288418
0.867672 18.323861
0.873510 18.290090
0.891204 18.310871
0.915918 18.340759
0.933540 18.330414
0.960427 18.358982
0.960659 18.356635
0.961386 18.358755
1.017410 18.378783
1.026405 18.378216
1.050293 18.419702
1.062281 18.418941
1.080655 18.383504
1.140692 18.461038
1.143683 18.454756
1.167602 18.452393
1.179552 18.444845
1.197933 18.429939
