0.005536 14.806649
0.011787 14.809255
0.031499 14.832323
0.185596 14.912738
0.190840 14.912730
0.218180 14.926442
0.243527 14.928980
0.249833 14.950604
0.262528 14.924333
0.274379 14.960773
0.289991 14.976842
0.318229 14.996926
0.335677 14.997818
0.336411 15.011928
0.343527 15.009450
0.349841 15.016340
0.362528 15.032306
0.374380 15.045751
0.424685 15.094993
0.426800 15.098362
0.436446 15.084600
0.439424 15.043458
0.526808 14.733659
0.528061 14.718626
0.539420 14.624585
0.562645 14.578306
0.573724 14.547477
0.578937 14.517766
0.587887 14.499956
0.600554 14.472508
0.612374 14.417085
0.628062 14.416226
0.673732 14.492340
0.677473 14.506177
0.678945 14.525604
0.681600 14.522369
0.695856 14.509400
0.700552 14.543092
0.712415 14.504030
0.751133 14.603453
0.793505 14.651256
0.809437 14.646181
0.847548 14.680905
0.851987 14.670946
0.905537 14.736596
0.909445 14.729557
0.911779 14.740382
0.950451 14.750848
0.951991 14.753436
1.005536 14.806649
1.011787 14.809255
1.031499 14.832323
1.185596 14.912738
1.190840 14.912730
