0.036159 16.680053
0.042623 16.663876
0.044593 16.674350
0.098114 16.698374
0.124457 16.716676
0.199636 16.757856
0.242855 16.792240
0.279765 16.767930
0.281525 16.779245
0.288664 16.769995
0.348099 16.837810
0.392099 16.881396
0.399927 16.891111
0.401650 16.893899
0.409996 16.916316
0.436814 16.927669
0.443586 16.944257
0.470838 16.935568
0.472010 16.947688
0.505180 16.816573
0.549242 16.473747
0.567137 16.329638
0.592455 16.223859
0.670976 16.197605
0.749809 16.346950
0.787463 16.401634
0.828055 16.457325
0.879078 16.522787
0.887553 16.530853
0.896259 16.531230
0.929008 16.579489
0.941034 16.593097
0.966348 16.615654
1.036159 16.680053
1.042623 16.663876
1.044593 16.674350
1.098114 16.698374
1.124457 16.716676
1.199636 16.757856
