0.015331 17.024814
0.022547 17.020840
0.027719 16.989518
0.076153 17.029858
0.162758 17.071165
0.240583 17.089495
0.246270 17.125960
0.258739 17.174516
0.278649 17.237034
0.297446 17.199088
0.301014 17.172000
0.333289 17.170903
0.372890 17.150193
0.381318 17.175069
0.386505 17.137807
0.397619 17.171113
0.413704 17.189450
0.428120 17.175360
0.432490 17.184947
0.468332 17.230664
0.495792 17.201814
0.562028 16.862712
0.580128 16.673859
0.674776 16.440033
0.715221 16.629056
0.781349 16.784586
0.789725 16.781499
0.813763 16.774214
0.817253 16.831092
0.880290 16.878021
0.887457 16.877168
0.916397 16.878425
0.924770 16.899214
0.948819 16.906895
1.015331 17.024814
1.022547 17.020840
1.027719 16.989518
1.076153 17.029858
1.162758 17.071165
