0.005002 18.362579
0.011428 18.296855
0.019845 18.328688
0.048544 18.313342
0.062008 18.315466
0.086141 18.394493
0.136429 18.369591
0.182232 18.435780
0.262192 18.368725
0.328864 18.442262
0.347525 18.428853
0.347885 18.407188
0.369593 18.424672
0.385490 18.501602
0.448166 18.470621
0.483879 18.343478
0.570153 18.223175
0.609648 18.033207
0.626159 17.915456
0.647812 17.970138
0.702991 17.866777
0.828703 18.064131
0.882868 18.195036
0.885611 18.170730
0.894089 18.220031
0.947152 18.235468
1.005002 18.362579
1.011428 18.296855
1.019845 18.328688
1.048544 18.313342
1.062008 18.315466
1.086141 18.394493
1.136429 18.369591
1.182232 18.435780
