0.034105 17.414390
0.063087 17.439277
0.130784 17.459324
0.177951 17.474889
0.204948 17.486181
0.206939 17.481457
0.272095 17.509114
0.302147 17.521532
0.320563 17.516965
0.348796 17.534265
0.373427 17.551013
0.393155 17.554669
0.428662 17.540467
0.460636 17.504929
0.536993 17.332581
0.572505 17.266680
0.601741 17.233379
0.604474 17.227316
0.651321 17.206420
0.691708 17.210112
0.781545 17.265290
0.835961 17.307529
0.925396 17.360592
0.978163 17.384845
0.993711 17.399997
1.034105 17.414390
1.063087 17.439277
1.130784 17.459324
1.177951 17.474889
