0.000274 16.839240
0.008395 16.841748
0.039586 16.855626
0.123014 16.909562
0.126804 16.907954
0.159265 16.924631
0.189198 16.937183
0.241417 16.976771
0.277671 16.938345
0.282119 16.926064
0.307552 16.937390
0.329939 16.949755
0.344657 16.965997
0.356339 16.976098
0.427191 17.013211
0.448348 17.038209
0.463056 17.015082
0.474740 17.016513
0.511688 16.891883
0.545591 16.732647
0.680048 16.570706
0.701646 16.596027
0.713771 16.611119
0.793381 16.678772
0.798504 16.689465
0.809310 16.695288
0.832172 16.722544
0.856321 16.720549
0.911924 16.768664
0.921220 16.774957
0.927676 16.783814
1.000274 16.839240
1.008395 16.841748
1.039586 16.855626
1.123014 16.909562
1.126804 16.907954
1.159265 16.924631
1.189198 16.937183
