0.019463 16.507016
0.022295 16.536906
0.030828 16.522191
0.036522 16.548903
0.042863 16.541991
0.045380 16.549017
0.052020 16.564280
0.129020 16.680409
0.176822 16.713524
0.188174 16.647585
0.200222 16.760258
0.209312 16.671480
0.233050 16.747356
0.286369 16.794373
0.357812 16.680563
0.358293 16.746702
0.417613 16.715868
0.419936 16.709760
0.470983 16.741090
0.515172 16.655632
0.515639 16.772256
0.607602 16.105785
0.625352 15.902286
0.667011 15.680156
0.782665 16.091006
0.798736 16.166165
0.844208 16.273881
0.956086 16.467437
1.019463 16.507016
1.022295 16.536906
1.030828 16.522191
1.036522 16.548903
1.042863 16.541991
1.045380 16.549017
1.052020 16.564280
1.129020 16.680409
1.176822 16.713524
1.188174 16.647585
