0.050909 16.866374
0.128241 16.885578
0.141307 16.888487
0.165019 16.893310
0.178572 16.897046
0.217072 16.904145
0.225180 16.902132
0.242351 16.910255
0.247780 16.907913
0.283554 16.915976
0.299772 16.906599
0.344592 16.912757
0.381451 16.917927
0.406074 16.918898
0.413890 16.903061
0.440952 16.899022
0.458707 16.888369
0.495563 16.858773
0.712578 16.739866
0.725296 16.742430
0.784677 16.752296
0.804969 16.757864
0.827493 16.771424
0.869694 16.784298
0.916545 16.800451
0.919085 16.807148
0.941603 16.824038
1.050909 16.866374
1.128241 16.885578
1.141307 16.888487
1.165019 16.893310
1.178572 16.897046
