0.021875 17.257924
0.041826 17.313564
0.136069 17.324256
0.138008 17.328112
0.146486 17.363714
0.213434 17.328969
0.266980 17.354516
0.275453 17.392674
0.282421 17.353263
0.380339 17.449669
0.477331 16.918078
0.505701 17.362599
0.621923 16.848078
0.637253 16.675666
0.654075 16.616575
0.703693 16.812873
0.714896 16.835837
0.717453 16.899704
0.784308 16.961285
0.811502 16.923452
0.829084 16.961280
0.832910 17.023850
0.846716 17.084928
0.940474 17.101554
0.980990 16.972539
1.021875 17.257924
1.041826 17.313564
1.136069 17.324256
1.138008 17.328112
1.146486 17.363714
