0.072567 14.215948
0.075501 14.217067
0.088540 14.253565
0.095584 14.237498
0.111193 14.270046
0.166901 14.273638
0.169553 14.295884
0.350568 14.343319
0.366006 14.361125
0.391531 14.394044
0.500537 14.493784
0.612766 13.381373
0.644631 13.295433
0.686401 13.462789
0.736357 13.653524
0.759341 13.751778
0.793788 13.773219
0.821683 13.869842
0.855290 13.892347
0.867420 13.958700
0.914565 14.000790
0.930246 14.048040
0.958621 14.108162
1.072567 14.215948
1.075501 14.217067
1.088540 14.253565
1.095584 14.237498
1.111193 14.270046
1.166901 14.273638
1.169553 14.295884
