0.013285 14.245588
0.059587 14.261373
0.069475 14.285909
0.089123 14.289362
0.130891 14.287399
0.141299 14.308797
0.168630 14.324090
0.195637 14.328756
0.237406 14.313176
0.253476 14.349443
0.275142 14.343058
0.312361 14.361410
0.418860 14.419137
0.475555 14.321955
0.506967 14.226101
0.613520 14.033123
0.676587 13.983038
0.729082 14.051606
0.781250 14.084133
0.808585 14.111785
0.810230 14.119155
0.825482 14.121375
0.835553 14.135607
0.852031 14.156652
0.887763 14.149347
0.915099 14.182297
0.953074 14.211201
0.962978 14.221172
1.013285 14.245588
1.059587 14.261373
1.069475 14.285909
1.089123 14.289362
1.130891 14.287399
1.141299 14.308797
1.168630 14.324090
1.195637 14.328756
