0.024420 19.675026
0.163905 19.798694
0.170757 19.751818
0.179568 19.779896
0.219582 19.808897
0.231102 19.871545
0.251568 19.796986
0.310010 19.823049
0.310243 19.742701
0.319077 19.763662
0.334077 19.756384
0.344029 19.784191
0.349500 19.737821
0.381566 19.765999
0.391058 19.743101
0.406488 19.789575
0.434464 19.762429
0.449571 19.877941
0.483580 19.895569
0.506418 19.839537
0.521053 19.827271
0.522722 19.813602
0.662206 19.048253
0.723081 19.171644
0.738505 19.231173
0.766525 19.253234
0.780051 19.313491
0.781640 19.375985
0.805580 19.340427
0.838486 19.423032
0.853073 19.434822
0.862516 19.452513
0.877939 19.463799
0.887567 19.473350
0.906012 19.541872
0.977941 19.675312
1.024420 19.675026
1.163905 19.798694
1.170757 19.751818
1.179568 19.779896
