0.007515 19.251542
0.010388 19.269464
0.019366 19.225896
0.053664 19.323342
0.065735 19.353352
0.154301 19.491632
0.175157 19.450926
0.221582 19.478807
0.228502 19.477680
0.241939 19.481559
0.246367 19.517562
0.332802 19.461163
0.361917 19.451341
0.365489 19.466762
0.372358 19.450986
0.381647 19.520071
0.385925 19.467976
0.496853 19.569960
0.503678 19.578069
0.505830 19.534329
0.521057 19.548780
0.525577 19.562860
0.640709 18.490014
0.664912 18.577506
0.688629 18.650597
0.714959 18.698063
0.726384 18.730807
0.732893 18.800249
0.832533 19.016475
0.846272 19.028621
0.846436 19.022131
0.854734 19.051926
0.859504 19.040788
0.868175 19.098289
0.875455 19.111947
0.903767 19.131205
0.909757 19.121737
0.990203 19.216163
0.990368 19.229283
0.998589 19.231063
1.007515 19.251542
1.010388 19.269464
1.019366 19.225896
1.053664 19.323342
1.065735 19.353352
1.154301 19.491632
1.175157 19.450926
