0.014820 17.623605
0.015381 17.625852
0.114941 17.662210
0.115862 17.660080
0.132983 17.654533
0.200913 17.703986
0.232499 17.713928
0.318470 17.724863
0.330089 17.736777
0.338229 17.714864
0.412802 17.684184
0.447628 17.731745
0.567190 17.604033
0.613141 17.438077
0.618049 17.479242
0.684728 17.436374
0.730681 17.451647
0.735562 17.512904
0.800912 17.506050
0.897101 17.667672
0.918470 17.541224
0.998279 17.610430
1.014820 17.623605
1.015381 17.625852
1.114941 17.662210
1.115862 17.660080
1.132983 17.654533
