0.023777 16.746444
0.046888 16.782802
0.112428 16.817226
0.144264 16.831420
0.157327 16.838026
0.167235 16.844100
0.198543 16.866555
0.232931 16.842509
0.239864 16.847183
0.273292 16.864528
0.277767 16.861455
0.335877 16.874150
0.350964 16.882241
0.418574 16.933874
0.442949 16.962181
0.456269 16.964048
0.463517 16.967791
0.485224 16.935185
0.519652 16.822771
0.563391 16.570411
0.616656 16.395886
0.637643 16.381597
0.698349 16.418331
0.704472 16.429683
0.712119 16.439849
0.737095 16.485742
0.750158 16.501930
0.818809 16.571140
0.825674 16.573110
0.832576 16.577462
0.870599 16.632739
0.986570 16.705452
1.023777 16.746444
1.046888 16.782802
1.112428 16.817226
1.144264 16.831420
1.157327 16.838026
1.167235 16.844100
1.198543 16.866555
