0.010085 16.576897
0.019049 16.586312
0.029973 16.582956
0.063413 16.607459
0.102749 16.642389
0.133466 16.641860
0.133489 16.654159
0.144379 16.644039
0.172726 16.662058
0.247850 16.685724
0.280793 16.677970
0.295141 16.673887
0.335727 16.683008
0.413994 16.729224
0.443001 16.731766
0.450108 16.727839
0.508961 16.598246
0.513620 16.582020
0.528413 16.510170
0.557417 16.440907
0.559487 16.465017
0.623365 16.352171
0.673904 16.346429
0.720406 16.367276
0.722439 16.366101
0.757660 16.399047
0.785965 16.438252
0.825985 16.462001
0.829756 16.451023
0.834807 16.465275
0.895680 16.498478
0.900382 16.493975
0.946247 16.509833
0.966273 16.558556
0.988302 16.571614
1.010085 16.576897
1.019049 16.586312
1.029973 16.582956
1.063413 16.607459
1.102749 16.642389
1.133466 16.641860
1.133489 16.654159
1.144379 16.644039
1.172726 16.662058
