0.010825 20.082221
0.014201 20.199939
0.102083 20.181220
0.118360 20.213998
0.118437 20.214195
0.119778 20.087764
0.126684 20.209313
0.130106 20.140096
0.179811 20.131246
0.203593 20.124389
0.339454 20.186626
0.402612 20.114713
0.405950 20.241890
0.455387 20.202317
0.459211 20.216234
0.486847 20.137717
0.518517 20.109718
0.521901 20.179663
0.538948 20.160461
0.570022 20.152960
0.594024 20.177342
0.594332 20.184047
0.596130 20.117071
0.634976 20.142904
0.685935 19.921341
0.710241 19.930056
0.750809 20.019088
0.795081 20.071698
0.911024 20.145320
1.010825 20.082221
1.014201 20.199939
1.102083 20.181220
1.118360 20.213998
1.118437 20.214195
1.119778 20.087764
1.126684 20.209313
1.130106 20.140096
1.179811 20.131246
