0.032071 21.031451
0.050931 21.000852
0.056990 20.972594
0.077928 21.114852
0.085644 20.935754
0.102729 21.012068
0.125990 21.073354
0.137813 20.960090
0.154492 20.936407
0.206290 21.088623
0.229512 21.171192
0.385610 21.017300
0.504557 20.989887
0.506166 21.028574
0.541966 20.976561
0.579885 20.825068
0.645574 20.694665
0.810442 20.585945
0.921410 20.916415
0.929675 20.913864
1.032071 21.031451
1.050931 21.000852
1.056990 20.972594
1.077928 21.114852
1.085644 20.935754
1.102729 21.012068
1.125990 21.073354
1.137813 20.960090
1.154492 20.936407
