0.012486 17.440630
0.056296 17.486862
0.190549 17.627087
0.239060 17.659122
0.245049 17.656947
0.275270 17.650916
0.319604 17.639846
0.370831 17.616695
0.404391 17.596478
0.487288 17.656094
0.499902 17.669954
0.597411 17.084771
0.679485 16.929427
0.723074 17.022524
0.730982 17.055489
0.783621 17.142442
0.794462 17.159691
0.808540 17.200543
0.860055 17.303310
0.904640 17.303340
0.923579 17.343749
0.927241 17.340704
0.937816 17.367771
0.968095 17.397228
1.012486 17.440630
1.056296 17.486862
1.190549 17.627087
