0.040685 19.853026
0.084564 19.716379
0.116540 19.801402
0.118200 19.729606
0.148843 19.961669
0.168066 19.816049
0.249392 19.991707
0.276290 19.914360
0.285658 20.045922
0.376839 19.720027
0.419703 19.890792
0.471427 19.928949
0.485204 19.639268
0.516630 19.886653
0.547133 19.646910
0.547337 19.861869
0.573412 19.645455
0.644075 19.565696
0.645487 19.250786
0.701231 19.325391
0.915997 19.803254
0.957135 19.597840
0.982345 19.789497
1.040685 19.853026
1.084564 19.716379
1.116540 19.801402
1.118200 19.729606
1.148843 19.961669
1.168066 19.816049
