0.001774 16.727551
0.002231 16.717818
0.007923 16.745697
0.029466 16.762641
0.071770 16.794222
0.111474 16.839984
0.123593 16.826857
0.135746 16.838754
0.187300 16.855997
0.226636 16.863671
0.235183 16.873301
0.316859 16.884536
0.360697 16.857699
0.366679 16.882642
0.400380 16.920742
0.439708 16.932360
0.464847 16.943931
0.488062 16.897119
0.521743 16.831427
0.546058 16.651328
0.586243 16.491932
0.597611 16.431833
0.709785 16.409067
0.729362 16.484060
0.776989 16.528196
0.824879 16.541926
0.850723 16.608297
0.880436 16.617413
0.906236 16.658050
0.946215 16.681066
0.950389 16.681052
0.956369 16.707832
0.990132 16.744905
1.001774 16.727551
1.002231 16.717818
1.007923 16.745697
1.029466 16.762641
1.071770 16.794222
1.111474 16.839984
1.123593 16.826857
1.135746 16.838754
1.187300 16.855997
