0.006998 17.371871
0.046927 17.352127
0.074429 17.482266
0.137281 17.493172
0.193659 17.511146
0.209880 17.546940
0.271511 17.452116
0.273380 17.521313
0.275959 17.549885
0.323877 17.523952
0.330864 17.489184
0.351392 17.494597
0.354335 17.508847
0.401747 17.494992
0.403666 17.540253
0.406230 17.543441
0.414180 17.493007
0.459387 17.530315
0.461131 17.503755
0.481675 17.506004
0.544446 17.298268
0.703726 17.025439
0.716310 17.019532
0.748622 17.068427
0.788503 17.140156
0.846579 17.209624
0.878924 17.191601
0.899747 17.311897
0.918786 17.277199
0.944210 17.347279
0.962189 17.278490
1.006998 17.371871
1.046927 17.352127
1.074429 17.482266
1.137281 17.493172
1.193659 17.511146
