0.046683 19.145316
0.053872 19.246189
0.056202 19.147236
0.091280 19.215322
0.091670 19.267847
0.174404 19.274947
0.184978 19.287292
0.234297 19.273690
0.294364 19.310852
0.360091 19.310517
0.361986 19.291623
0.374499 19.386496
0.478302 19.400575
0.502192 19.492611
0.532083 19.319618
0.539825 19.306629
0.615169 18.446438
0.622309 18.447145
0.659757 18.377138
0.667497 18.471082
0.705670 18.580782
0.742839 18.677850
0.787730 18.762082
0.802665 18.789427
0.833411 18.884768
0.926202 19.032833
0.930357 18.986360
0.963608 19.051477
1.046683 19.145316
1.053872 19.246189
1.056202 19.147236
1.091280 19.215322
1.091670 19.267847
1.174404 19.274947
1.184978 19.287292
