0.030786 19.216100
0.054932 19.227217
0.086032 19.227729
0.095385 19.230337
0.097389 19.185295
0.123157 19.289427
0.144272 19.358322
0.162028 19.302389
0.168436 19.174928
0.205560 19.279193
0.208830 19.303057
0.210833 19.274702
0.236661 19.300468
0.275428 19.300297
0.279689 19.285641
0.287910 19.326873
0.318977 19.299219
0.347908 19.357896
0.356142 19.326706
0.356278 19.414105
0.429748 19.456020
0.438504 19.297470
0.469560 19.312406
0.469742 19.310040
0.478860 19.330609
0.487971 19.266026
0.506732 19.141994
0.545495 19.143525
0.551922 19.050042
0.589088 18.984681
0.592302 18.966511
0.617978 18.899276
0.620193 18.944069
0.671486 18.972082
0.702504 18.987190
0.739671 18.912340
0.757996 19.042214
0.760805 19.037244
0.784905 18.995215
0.822033 19.075922
0.853131 19.091291
0.871499 19.133598
0.890265 19.150720
0.904374 19.082370
0.992718 19.192826
1.030786 19.216100
1.054932 19.227217
1.086032 19.227729
1.095385 19.230337
1.097389 19.185295
1.123157 19.289427
1.144272 19.358322
1.162028 19.302389
1.168436 19.174928
