0.051072 17.909830
0.059366 17.911239
0.092273 17.926384
0.161299 18.025339
0.178646 17.996740
0.198791 17.990373
0.199767 18.011201
0.216978 18.022150
0.268776 18.029187
0.286137 18.019227
0.290266 18.004956
0.295063 18.024910
0.306302 18.001107
0.315188 18.012963
0.352093 17.982554
0.397772 18.002371
0.402540 18.006772
0.459584 18.090049
0.524602 17.944100
0.541996 17.830399
0.580289 17.673525
0.609491 17.489273
0.632079 17.476573
0.644638 17.495400
0.658368 17.463379
0.665330 17.445553
0.687767 17.522177
0.715439 17.550621
0.717024 17.549435
0.752074 17.580562
0.797995 17.702086
0.835457 17.688840
0.863566 17.714869
0.905473 17.801795
0.922792 17.788904
0.942950 17.809386
0.943595 17.808093
0.971302 17.814860
0.995381 17.885586
1.051072 17.909830
1.059366 17.911239
1.092273 17.926384
1.161299 18.025339
1.178646 17.996740
1.198791 17.990373
1.199767 18.011201
