0.005435 17.724141
0.008265 17.728271
0.020926 17.726481
0.033343 17.729550
0.067550 17.762618
0.122184 17.841760
0.138354 17.862837
0.153866 17.848439
0.170418 17.834013
0.200541 17.852795
0.223442 17.876154
0.227191 17.868761
0.255122 17.885703
0.324699 17.886231
0.328581 17.880461
0.356381 17.876428
0.360111 17.882794
0.362977 17.864935
0.400231 17.887867
0.425949 17.902367
0.457638 17.940088
0.470299 17.973696
0.571555 17.503850
0.672813 17.190834
0.679407 17.189309
0.714591 17.240649
0.716670 17.264915
0.774071 17.391313
0.777886 17.446308
0.786724 17.361361
0.805752 17.457727
0.809415 17.469824
0.812343 17.447816
0.847530 17.483067
0.849287 17.525310
0.875325 17.545715
0.900511 17.607014
0.907010 17.575440
0.910806 17.619431
0.919639 17.600444
0.919674 17.602292
0.982304 17.673127
1.005435 17.724141
1.008265 17.728271
1.020926 17.726481
1.033343 17.729550
1.067550 17.762618
1.122184 17.841760
1.138354 17.862837
1.153866 17.848439
1.170418 17.834013
