0.033124 14.356015
0.073927 14.392085
0.080504 14.406825
0.088125 14.412833
0.105914 14.427380
0.167964 14.460367
0.211852 14.485427
0.215399 14.496616
0.297051 14.502764
0.311306 14.503658
0.346694 14.524098
0.371920 14.509175
0.426972 14.531367
0.450408 14.538485
0.464265 14.531242
0.506761 14.484225
0.515230 14.451466
0.536298 14.313001
0.544048 14.317848
0.561832 14.206343
0.585217 14.070321
0.599128 14.007115
0.618062 13.883053
0.623381 13.857177
0.632310 13.823294
0.639688 13.867447
0.650093 13.783229
0.659938 13.773605
0.667707 13.821489
0.671152 13.790633
0.752923 13.940129
0.756098 13.986441
0.767119 13.975243
0.774553 14.027425
0.794799 14.035143
0.802550 14.070064
0.906280 14.221340
0.971104 14.286776
1.033124 14.356015
1.073927 14.392085
1.080504 14.406825
1.088125 14.412833
1.105914 14.427380
1.167964 14.460367
