0.006463 17.289543
0.026231 17.343947
0.058918 17.365869
0.060450 17.367016
0.062575 17.352296
0.090339 17.397144
0.237877 17.473090
0.244177 17.462543
0.246460 17.432131
0.267923 17.462009
0.327703 17.426137
0.339909 17.408618
0.372955 17.446950
0.376093 17.476901
0.459636 17.527339
0.471832 17.497794
0.512550 17.459091
0.545007 17.265959
0.560493 17.170559
0.644469 16.870048
0.692425 16.937341
0.693351 16.833142
0.798261 17.090223
0.822008 17.117115
0.825285 17.077222
0.840272 17.165061
0.859000 17.146786
0.894246 17.192181
0.913938 17.197094
0.928516 17.223628
0.930178 17.249944
0.930709 17.207568
0.958472 17.233753
1.006463 17.289543
1.026231 17.343947
1.058918 17.365869
1.060450 17.367016
1.062575 17.352296
1.090339 17.397144
