0.027887 18.575060
0.078208 18.538409
0.118325 18.540025
0.119899 18.532347
0.135750 18.565381
0.150188 18.592112
0.200603 18.611132
0.229055 18.598131
0.246501 18.618133
0.250750 18.621219
0.258145 18.604681
0.341121 18.629524
0.351451 18.630830
0.373145 18.624926
0.378063 18.666517
0.441619 18.714274
0.463516 18.714360
0.465070 18.685464
0.500476 18.665282
0.549476 18.365676
0.564016 18.249882
0.614332 18.253376
0.639207 18.123958
0.642783 18.189823
0.664479 18.197143
0.761666 18.224399
0.786874 18.297699
0.800746 18.302664
0.828568 18.365694
0.923138 18.407767
0.955123 18.461411
0.958078 18.484560
0.995914 18.459724
1.027887 18.575060
1.078208 18.538409
1.118325 18.540025
1.119899 18.532347
1.135750 18.565381
1.150188 18.592112
