0.074891 18.011515
0.108449 18.074603
0.200297 18.065785
0.209954 18.036321
0.215120 18.093397
0.241576 18.106565
0.257491 18.056806
0.282039 18.069970
0.335342 18.025357
0.340529 18.069101
0.366965 18.076099
0.372272 18.060890
0.382928 18.086062
0.393892 18.105665
0.406953 18.116559
0.498795 18.027179
0.505503 18.104856
0.519260 17.999468
0.681354 17.607427
0.684532 17.492260
0.692698 17.565396
0.702958 17.580827
0.754695 17.635497
0.756878 17.698596
0.764439 17.647316
0.803967 17.707827
0.806779 17.776950
0.811295 17.752608
0.817725 17.735065
0.823149 17.707963
0.833686 17.770765
0.880086 17.838754
0.882284 17.812486
0.936633 17.836668
0.943067 17.892340
0.956265 17.915911
0.959076 17.885877
0.982996 17.902158
0.991158 17.983958
1.074891 18.011515
1.108449 18.074603
