0.045900 17.137771
0.052752 17.127622
0.082576 17.158877
0.099194 17.163066
0.117552 17.183476
0.168890 17.207435
0.175681 17.193892
0.291836 17.243758
0.298621 17.208076
0.330427 17.212656
0.351858 17.223117
0.384364 17.260631
0.414783 17.287939
0.426401 17.296916
0.460179 17.355047
0.474818 17.358065
0.484482 17.331540
0.491292 17.366375
0.514095 17.299486
0.527809 17.245673
0.537726 17.130491
0.549337 17.037605
0.556134 16.939180
0.607419 16.602153
0.614131 16.523718
0.643816 16.569233
0.647795 16.573418
0.653339 16.577648
0.660661 16.587187
0.679069 16.627304
0.730363 16.724787
0.737150 16.724172
0.777529 16.817429
0.790344 16.821102
0.836692 16.890956
0.853310 16.911642
0.923018 16.994062
0.952846 17.014052
0.976255 17.046083
0.987869 17.066218
1.045900 17.137771
1.052752 17.127622
1.082576 17.158877
1.099194 17.163066
1.117552 17.183476
1.168890 17.207435
1.175681 17.193892
