0.028588 16.344161
0.035964 16.353372
0.056530 16.376527
0.064530 16.379625
0.084464 16.389527
0.160124 16.466986
0.180065 16.480964
0.241868 16.520007
0.275636 16.525363
0.310871 16.532837
0.359410 16.504028
0.418989 16.439076
0.419790 16.442252
0.426366 16.421144
0.474964 16.376366
0.519868 16.461667
0.535284 16.473174
0.550542 16.439755
0.635545 15.801166
0.638187 15.804230
0.666052 15.794431
0.694055 15.884706
0.717159 15.950773
0.749913 16.003361
0.753681 16.019624
0.785214 16.069901
0.810189 16.115491
0.832672 16.131523
0.839040 16.141015
0.907271 16.204146
0.925681 16.224724
0.941042 16.254704
0.954551 16.272377
0.968999 16.284599
0.993565 16.312380
1.028588 16.344161
1.035964 16.353372
1.056530 16.376527
1.064530 16.379625
1.084464 16.389527
1.160124 16.466986
1.180065 16.480964
