0.008944 18.628492
0.024238 18.633669
0.040013 18.628368
0.062306 18.667279
0.080354 18.656220
0.114147 18.686735
0.154536 18.694592
0.201281 18.730334
0.203996 18.723760
0.244429 18.732613
0.246673 18.726340
0.263556 18.729444
0.278189 18.750877
0.314877 18.722369
0.318523 18.727960
0.329926 18.748054
0.334346 18.746323
0.368082 18.791272
0.370279 18.815568
0.438530 18.854000
0.442224 18.885205
0.453598 18.839646
0.482594 18.796442
0.495607 18.731052
0.498325 18.737642
0.557933 18.436512
0.572516 18.363188
0.606250 18.261731
0.622026 18.258801
0.662409 18.203187
0.664656 18.268813
0.705212 18.313680
0.785659 18.427601
0.786061 18.451492
0.788310 18.420152
0.826451 18.473317
0.828690 18.475476
0.832162 18.450971
0.860160 18.495152
0.900584 18.520903
0.916358 18.553273
0.950103 18.584637
0.952343 18.569673
0.953033 18.574885
0.990495 18.604113
0.999583 18.642702
1.008944 18.628492
1.024238 18.633669
1.040013 18.628368
1.062306 18.667279
1.080354 18.656220
1.114147 18.686735
1.154536 18.694592
