0.012237 16.775137
0.028504 16.729852
0.033495 16.795631
0.037357 16.812904
0.062480 16.809580
0.087601 16.822986
0.107491 16.834726
0.142729 16.882538
0.206681 16.833350
0.251688 16.865729
0.273154 16.941937
0.333679 16.955170
0.337627 16.930158
0.376783 16.912085
0.401919 16.921404
0.445623 17.002321
0.457181 16.975964
0.470741 17.034008
0.477897 16.961430
0.495859 17.005837
0.511098 16.940348
0.520981 16.933844
0.575041 16.235687
0.601401 15.920366
0.655295 15.955780
0.694119 16.407111
0.719242 16.445906
0.889351 16.562315
0.916723 16.603761
0.929925 16.609447
0.933065 16.647001
0.958072 16.683247
0.965770 16.673599
0.983300 16.702029
0.998529 16.712553
1.012237 16.775137
1.028504 16.729852
1.033495 16.795631
1.037357 16.812904
1.062480 16.809580
1.087601 16.822986
1.107491 16.834726
1.142729 16.882538
