0.001253 18.430444
0.029434 18.462490
0.056724 18.490773
0.075569 18.476228
0.117331 18.545435
0.152652 18.525374
0.244471 18.636277
0.294543 18.559689
0.307837 18.578237
0.312437 18.580473
0.343488 18.583621
0.350014 18.592065
0.368044 18.537293
0.410580 18.643482
0.417734 18.652899
0.431051 18.651648
0.433090 18.669627
0.435654 18.648519
0.533780 18.418725
0.559624 18.282607
0.577684 18.210153
0.689611 18.058026
0.700883 18.109353
0.726335 18.167661
0.728945 18.135028
0.785789 18.206464
0.812807 18.255663
0.847554 18.275573
0.852160 18.260159
0.909006 18.349529
0.994085 18.423605
1.001253 18.430444
1.029434 18.462490
1.056724 18.490773
1.075569 18.476228
1.117331 18.545435
1.152652 18.525374
