0.030134 16.784649
0.046295 16.802652
0.071185 16.812715
0.120507 16.839573
0.163772 16.869516
0.176955 16.874848
0.200381 16.884785
0.261759 16.918679
0.309804 16.925627
0.400089 17.032383
0.442364 17.075974
0.443399 17.084471
0.456586 17.076182
0.517548 16.869752
0.560874 16.502056
0.602881 16.283407
0.703616 16.387997
0.720337 16.424099
0.821074 16.562164
0.912704 16.686885
0.920801 16.677188
1.030134 16.784649
1.046295 16.802652
1.071185 16.812715
1.120507 16.839573
1.163772 16.869516
1.176955 16.874848
