0.013284 19.541527
0.016822 19.499290
0.021414 19.553310
0.031360 19.591420
0.090646 19.629557
0.109999 19.630678
0.114626 19.643031
0.189904 19.744687
0.207384 19.684971
0.246262 19.689817
0.321540 19.627655
0.330154 19.567676
0.334779 19.696575
0.334794 19.722140
0.346805 19.651414
0.351715 19.671062
0.356331 19.662891
0.411280 19.741785
0.444909 19.822310
0.461718 19.693376
0.554955 19.484260
0.665041 19.032709
0.669610 19.057221
0.691234 19.040661
0.695441 19.131160
0.775119 19.166164
0.779737 19.272484
0.796674 19.310207
0.801295 19.312103
0.826750 19.333361
0.827058 19.376054
0.853944 19.417093
0.881670 19.425561
0.889822 19.407864
0.889830 19.418857
0.899746 19.407674
0.906754 19.388170
0.911370 19.352102
0.999911 19.522881
1.013284 19.541527
1.016822 19.499290
1.021414 19.553310
1.031360 19.591420
1.090646 19.629557
1.109999 19.630678
1.114626 19.643031
1.189904 19.744687
