0.034563 16.080950
0.074310 16.095858
0.085863 16.119144
0.087525 16.140770
0.105783 16.122176
0.159344 16.154308
0.173290 16.168751
0.210664 16.173889
0.212327 16.175691
0.217460 16.180620
0.230584 16.156904
0.262060 16.161874
0.371373 16.210131
0.386860 16.219671
0.388285 16.244602
0.418333 16.254659
0.445799 16.288009
0.496175 16.213578
0.527646 16.016788
0.543135 15.934403
0.570625 15.834669
0.652446 15.719775
0.683922 15.751589
0.685297 15.742653
0.709253 15.793591
0.720473 15.819348
0.727737 15.795157
0.840197 15.916753
0.849270 15.924663
0.852540 15.917194
0.918041 15.976403
0.920393 16.003498
0.964998 15.985151
0.974022 16.022886
1.034563 16.080950
1.074310 16.095858
1.085863 16.119144
1.087525 16.140770
1.105783 16.122176
1.159344 16.154308
1.173290 16.168751
