0.000751 17.788945
0.037555 17.824005
0.040524 17.821588
0.044043 17.841935
0.066787 17.833781
0.069618 17.866630
0.077704 17.851228
0.083785 17.880121
0.125884 17.875118
0.168495 17.937258
0.169150 17.926992
0.184000 17.892283
0.194726 17.931877
0.221069 17.894322
0.232071 17.844370
0.261272 17.917500
0.309107 17.910794
0.331903 17.868514
0.346205 17.912994
0.375449 17.959320
0.386362 17.949834
0.460399 18.009390
0.466286 18.077198
0.481074 18.000903
0.489625 17.943646
0.492518 17.989949
0.500537 17.917300
0.529734 17.739625
0.540669 17.695277
0.606163 17.412469
0.606900 17.468714
0.614715 17.530069
0.643904 17.503844
0.654870 17.489549
0.684110 17.503934
0.702336 17.544294
0.704562 17.479315
0.769040 17.588436
0.785989 17.552731
0.798282 17.619278
0.809152 17.625298
0.827445 17.642725
0.838432 17.651623
0.912465 17.718095
0.915368 17.692041
0.923371 17.719314
0.932149 17.740602
0.952568 17.739383
0.963523 17.758315
1.000751 17.788945
1.037555 17.824005
1.040524 17.821588
1.044043 17.841935
1.066787 17.833781
1.069618 17.866630
1.077704 17.851228
1.083785 17.880121
1.125884 17.875118
1.168495 17.937258
1.169150 17.926992
1.184000 17.892283
1.194726 17.931877
