0.012336 20.030859
0.103828 20.150927
0.124828 20.134398
0.150057 20.198301
0.199608 20.207518
0.228298 20.196759
0.278358 20.141873
0.282283 20.220238
0.332206 20.195834
0.537581 19.988521
0.609812 19.595051
0.659080 19.583176
0.716030 19.705893
0.821598 19.965171
0.844347 19.895279
0.848534 19.905598
0.884015 19.878143
0.898505 19.952629
0.959541 20.002701
0.976803 20.067650
0.981027 20.035285
0.996567 20.039461
1.012336 20.030859
1.103828 20.150927
1.124828 20.134398
1.150057 20.198301
1.199608 20.207518
