0.005757 16.793131
0.014896 16.803087
0.031808 16.822302
0.042629 16.853309
0.043609 16.833108
0.052766 16.844366
0.060367 16.857109
0.064875 16.876787
0.081471 16.882726
0.090576 16.891106
0.128485 16.917752
0.136446 16.929102
0.195081 16.950027
0.216864 16.962403
0.270803 16.959018
0.278761 16.961069
0.304252 16.977591
0.331242 16.977556
0.344516 16.984585
0.382364 16.965423
0.408331 16.999260
0.420250 16.993904
0.436125 17.028242
0.451244 17.061468
0.458090 17.065192
0.473582 17.090191
0.485389 17.093300
0.486836 17.090878
0.512940 17.069778
0.524635 17.048370
0.533831 17.001503
0.541503 16.916140
0.571699 16.513878
0.593581 16.239504
0.600405 16.202333
0.609559 16.128436
0.613062 16.100802
0.627758 16.106064
0.676146 16.194176
0.714014 16.301870
0.751822 16.395419
0.789727 16.471099
0.808467 16.502068
0.863439 16.595453
0.889472 16.648924
0.901239 16.649503
0.939156 16.703188
0.954988 16.724992
0.977025 16.747849
1.005757 16.793131
1.014896 16.803087
1.031808 16.822302
1.042629 16.853309
1.043609 16.833108
1.052766 16.844366
1.060367 16.857109
1.064875 16.876787
1.081471 16.882726
1.090576 16.891106
1.128485 16.917752
1.136446 16.929102
1.195081 16.950027
