0.014661 17.643589
0.016800 17.639233
0.051541 17.665949
0.079192 17.693767
0.099566 17.702657
0.105439 17.709661
0.160681 17.737911
0.189854 17.745024
0.291508 17.752582
0.328208 17.702923
0.458935 17.964749
0.461369 17.917018
0.478477 17.920961
0.514871 17.787345
0.526470 17.675665
0.528176 17.669925
0.568445 17.399137
0.592175 17.258193
0.609304 17.185979
0.636957 17.171293
0.657275 17.201399
0.658967 17.200308
0.680922 17.257062
0.699254 17.279224
0.767784 17.378663
0.770438 17.395620
0.794025 17.421387
0.802447 17.417748
0.811764 17.428779
0.901263 17.541465
0.920711 17.567986
0.970422 17.602158
1.014661 17.643589
1.016800 17.639233
1.051541 17.665949
1.079192 17.693767
1.099566 17.702657
1.105439 17.709661
1.160681 17.737911
1.189854 17.745024
