0.033459 15.751841
0.063523 15.761880
0.092694 15.801588
0.159947 15.888145
0.194569 15.905414
0.212048 15.917817
0.246197 15.906670
0.248860 15.909576
0.256815 15.906369
0.320987 15.934023
0.338512 15.935582
0.353882 15.939587
0.364644 15.940114
0.370953 15.929055
0.383281 15.905447
0.393764 15.910275
0.411485 15.935220
0.480349 16.003110
0.491131 16.012269
0.497422 16.025984
0.509534 16.025238
0.520248 16.018243
0.537949 15.833737
0.622062 14.955939
0.629542 14.932038
0.636018 14.950924
0.682255 15.060159
0.693127 15.015628
0.798475 15.341925
0.821314 15.361204
0.878781 15.503356
0.924906 15.572479
0.930564 15.608205
0.937038 15.571632
0.966209 15.579620
1.033459 15.751841
1.063523 15.761880
1.092694 15.801588
1.159947 15.888145
1.194569 15.905414
