0.052209 15.472727
0.105929 15.483993
0.138729 15.517373
0.164031 15.531736
0.233340 15.541833
0.263596 15.580023
0.295405 15.611400
0.320044 15.621066
0.348100 15.619740
0.419532 15.698458
0.449636 15.710234
0.451711 15.705860
0.477380 15.726807
0.481224 15.700907
0.510825 15.603006
0.577578 14.995300
0.635644 14.911412
0.667151 14.906722
0.741274 14.999886
0.767052 15.116305
0.791629 15.152948
0.792827 15.215055
0.849462 15.199087
0.895907 15.317506
0.897514 15.268381
0.923355 15.346194
0.947952 15.373878
0.982406 15.403034
1.052209 15.472727
1.105929 15.483993
1.138729 15.517373
1.164031 15.531736
