0.030065 16.717969
0.047945 16.784133
0.079262 16.775106
0.092387 16.799430
0.194930 16.775817
0.200542 16.827076
0.210282 16.857491
0.261040 16.790884
0.270067 16.887106
0.271919 16.873314
0.277480 16.860145
0.310966 16.896203
0.316538 16.882294
0.322099 16.892735
0.347639 16.891500
0.408135 16.890257
0.413470 16.951064
0.418959 16.945382
0.424574 16.945102
0.469138 16.867157
0.474744 16.873934
0.499282 16.821111
0.593008 16.395817
0.646301 16.237352
0.679937 16.258053
0.769144 16.363234
0.774684 16.387688
0.780265 16.386922
0.799786 16.441395
0.813753 16.441312
0.819264 16.434163
0.824875 16.466224
0.916240 16.614724
0.921792 16.602169
0.945311 16.662588
0.961236 16.689233
0.966414 16.655006
0.971970 16.627715
1.030065 16.717969
1.047945 16.784133
1.079262 16.775106
1.092387 16.799430
1.194930 16.775817
