0.027269 18.034780
0.028175 18.056303
0.035257 18.040763
0.048939 18.039392
0.078821 18.106354
0.079662 18.057487
0.131205 18.123184
0.182810 18.260519
0.205387 18.178350
0.234364 18.172728
0.246993 18.183346
0.302874 18.197180
0.346857 18.196791
0.360929 18.207478
0.398408 18.173651
0.407085 18.225788
0.418855 18.245343
0.431431 18.257961
0.449953 18.263474
0.501496 18.294599
0.502399 18.272018
0.552985 18.002022
0.553890 17.976628
0.586951 17.525817
0.604601 17.355816
0.605493 17.361273
0.656978 17.419569
0.657310 17.373337
0.666893 17.419775
0.708586 17.527254
0.812888 17.714130
0.821077 17.740917
0.835147 17.796683
0.872574 17.818680
0.879713 17.857804
0.893333 17.840846
0.924181 17.902402
0.975724 17.953783
0.976620 17.956385
1.027269 18.034780
1.028175 18.056303
1.035257 18.040763
1.048939 18.039392
1.078821 18.106354
1.079662 18.057487
1.131205 18.123184
1.182810 18.260519
