0.004472 17.319217
0.021488 17.353173
0.087998 17.387317
0.129737 17.430514
0.146100 17.461428
0.148302 17.457709
0.154974 17.462563
0.163222 17.481658
0.171622 17.485361
0.213366 17.489129
0.229733 17.469723
0.235636 17.474483
0.269911 17.509397
0.271526 17.489643
0.313317 17.528269
0.325134 17.555673
0.336726 17.560080
0.355103 17.582507
0.396880 17.641963
0.411772 17.650727
0.466866 17.689679
0.478457 17.669363
0.483526 17.655296
0.485717 17.646289
0.491527 17.622992
0.567102 16.953411
0.625209 16.734548
0.633281 16.762004
0.650633 16.794554
0.692475 16.877522
0.733205 16.963272
0.734255 16.968854
0.749236 16.993151
0.750630 16.979344
0.775630 17.060848
0.792422 17.069193
0.817560 17.128707
0.833659 17.153941
0.834157 17.132994
0.875012 17.207854
0.875993 17.197214
0.932498 17.277410
1.004472 17.319217
1.021488 17.353173
1.087998 17.387317
1.129737 17.430514
1.146100 17.461428
1.148302 17.457709
1.154974 17.462563
1.163222 17.481658
1.171622 17.485361
