0.001516 15.350288
0.016195 15.322962
0.061570 15.448294
0.091403 15.486242
0.151928 15.453880
0.159884 15.404027
0.330035 15.603365
0.345619 15.463847
0.368682 15.439009
0.449599 15.481978
0.457856 15.422123
0.496072 15.502815
0.506045 15.403933
0.519135 15.289158
0.578905 15.312749
0.594021 15.220457
0.595067 15.343462
0.602032 15.205118
0.608321 15.394159
0.656458 15.243481
0.744531 15.233782
0.747427 15.242709
0.897830 15.348141
0.911114 15.297256
0.937032 15.515399
0.940998 15.309568
0.949251 15.472260
0.985989 15.399575
1.001516 15.350288
1.016195 15.322962
1.061570 15.448294
1.091403 15.486242
1.151928 15.453880
1.159884 15.404027
