0.022566 17.750210
0.041340 17.747074
0.164360 17.846866
0.176938 17.787937
0.187547 17.871522
0.217897 17.863308
0.229534 17.877346
0.345298 17.886583
0.353480 17.893784
0.464011 17.930380
0.479459 17.954521
0.480830 17.928186
0.612590 17.369739
0.615039 17.324908
0.641960 17.293205
0.676157 17.299684
0.687734 17.402687
0.729188 17.488892
0.742426 17.524279
0.748171 17.545468
0.760658 17.554675
0.786776 17.565390
0.803609 17.582916
0.806943 17.574878
0.811793 17.574117
0.841589 17.630014
0.864735 17.625508
0.869430 17.626515
0.878059 17.622273
0.896258 17.664327
0.939191 17.668662
1.022566 17.750210
1.041340 17.747074
1.164360 17.846866
1.176938 17.787937
1.187547 17.871522
