0.026197 16.593965
0.065402 16.627432
0.071845 16.620788
0.074515 16.621416
0.078396 16.628825
0.138791 16.661139
0.151968 16.654531
0.175922 16.669597
0.197615 16.685633
0.204146 16.686188
0.224159 16.683389
0.240188 16.676955
0.261510 16.689837
0.349927 16.738413
0.373886 16.755525
0.387210 16.757977
0.477985 16.723698
0.499608 16.649664
0.524797 16.530335
0.560266 16.408734
0.601010 16.350015
0.603702 16.319405
0.646702 16.307765
0.649291 16.318694
0.650518 16.310810
0.671549 16.339860
0.685969 16.346669
0.726827 16.377911
0.750790 16.398701
0.772474 16.409555
0.779073 16.432601
0.797250 16.449350
0.884837 16.520204
0.949935 16.544939
1.026197 16.593965
1.065402 16.627432
1.071845 16.620788
1.074515 16.621416
1.078396 16.628825
1.138791 16.661139
1.151968 16.654531
1.175922 16.669597
1.197615 16.685633
