0.092524 18.528166
0.116575 18.575481
0.140704 18.559072
0.164795 18.567183
0.188724 18.585101
0.195619 18.610140
0.212847 18.603377
0.236939 18.579513
0.253932 18.643036
0.261031 18.614865
0.285111 18.577800
0.291853 18.628835
0.315453 18.597575
0.322969 18.629367
0.412669 18.622177
0.417832 18.596868
0.419221 18.529668
0.441878 18.596240
0.466006 18.640446
0.490062 18.655693
0.506371 18.671019
0.514068 18.604309
0.514183 18.588570
0.562242 18.373436
0.586334 18.279182
0.610419 18.182671
0.640806 18.072040
0.662161 18.036813
0.672338 18.084898
0.743131 18.213587
0.767167 18.254471
0.776468 18.265912
0.791309 18.277469
0.815402 18.322094
0.839378 18.291051
0.839453 18.313359
0.863455 18.325065
0.872719 18.354298
0.891230 18.370390
0.892731 18.368135
0.901405 18.403848
0.935689 18.406126
0.937977 18.435953
0.987465 18.471538
1.092524 18.528166
1.116575 18.575481
1.140704 18.559072
1.164795 18.567183
1.188724 18.585101
1.195619 18.610140
