0.031781 16.806366
0.036987 16.814972
0.040016 16.813420
0.078908 16.849883
0.120552 16.909388
0.145490 16.900420
0.150684 16.906985
0.156346 16.893687
0.158067 16.903638
0.189680 16.910750
0.192557 16.908034
0.201399 16.916607
0.208565 16.915780
0.214084 16.907695
0.263387 16.929687
0.268585 16.924373
0.271718 16.920752
0.310598 16.915255
0.322213 16.921039
0.369972 16.918820
0.377051 16.918071
0.382252 16.927675
0.416047 16.979441
0.418115 16.973036
0.421249 16.985985
0.463072 17.028422
0.483640 17.024488
0.484086 17.043543
0.494957 17.035884
0.529713 16.861970
0.534913 16.794155
0.573894 16.536988
0.576721 16.523717
0.592731 16.419307
0.647604 16.343311
0.652809 16.359259
0.655890 16.353476
0.694775 16.424638
0.706381 16.445997
0.754198 16.538869
0.761269 16.526653
0.766431 16.536632
0.772184 16.544141
0.773892 16.542884
0.800273 16.575578
0.805465 16.580801
0.808392 16.584079
0.847236 16.626993
0.849997 16.637092
0.867863 16.654083
0.879171 16.667163
0.885833 16.677147
0.913940 16.694157
0.926409 16.700888
0.930835 16.721542
0.943516 16.732610
0.998026 16.784520
1.031781 16.806366
1.036987 16.814972
1.040016 16.813420
1.078908 16.849883
1.120552 16.909388
1.145490 16.900420
1.150684 16.906985
1.156346 16.893687
1.158067 16.903638
1.189680 16.910750
1.192557 16.908034
