0.001081 18.335349
0.013668 18.319874
0.024132 18.387346
0.024485 18.410904
0.039181 18.413033
0.050049 18.473184
0.064054 18.349880
0.066283 18.479120
0.070502 18.459678
0.125135 18.398599
0.194528 18.524725
0.205394 18.551018
0.240432 18.569493
0.280483 18.509361
0.311566 18.556292
0.329467 18.605496
0.343571 18.543793
0.361961 18.549016
0.383494 18.545727
0.395782 18.562802
0.397671 18.569618
0.433874 18.558627
0.440324 18.469149
0.466935 18.603285
0.488468 18.596982
0.498980 18.513801
0.517333 18.630067
0.538863 18.582817
0.549249 18.204741
0.595694 17.853642
0.669408 17.712944
0.689125 17.668760
0.715311 17.920182
0.786375 17.885656
0.818500 18.135186
0.845731 18.166687
0.858297 18.065714
0.868754 18.197930
0.869111 18.203918
0.870658 18.204602
0.908688 18.159411
0.910911 18.326593
0.941744 18.236770
0.959640 18.208104
0.973852 18.326708
0.992072 18.308582
1.001081 18.335349
1.013668 18.319874
1.024132 18.387346
1.024485 18.410904
1.039181 18.413033
1.050049 18.473184
1.064054 18.349880
1.066283 18.479120
1.070502 18.459678
1.125135 18.398599
1.194528 18.524725
