0.037516 19.308872
0.061623 19.291365
0.083362 19.335966
0.084659 19.308615
0.102210 19.292820
0.146861 19.345733
0.189966 19.315282
0.192055 19.377707
0.192693 19.374843
0.202058 19.367946
0.236080 19.415841
0.301383 19.407793
0.322331 19.405431
0.322792 19.415946
0.322897 19.423182
0.345424 19.432323
0.359151 19.447643
0.366041 19.496737
0.391342 19.482683
0.412744 19.520236
0.431746 19.557283
0.450235 19.566689
0.452888 19.562591
0.468479 19.557701
0.472543 19.563093
0.475367 19.552680
0.559580 19.012931
0.581891 18.844070
0.583171 18.875166
0.605695 18.758504
0.667896 18.774127
0.670941 18.803371
0.692014 18.822733
0.692517 18.817702
0.714998 18.863510
0.728715 18.904236
0.732690 18.934626
0.777243 18.958023
0.822493 19.058856
0.838046 19.045100
0.931822 19.188184
0.952799 19.213611
0.975313 19.227893
0.975811 19.239955
0.992924 19.254864
1.037516 19.308872
1.061623 19.291365
1.083362 19.335966
1.084659 19.308615
1.102210 19.292820
1.146861 19.345733
1.189966 19.315282
1.192055 19.377707
1.192693 19.374843
