0.000690 17.235136
0.027970 17.197116
0.129779 17.295764
0.131612 17.254144
0.133161 17.214525
0.247927 17.242721
0.271528 17.322542
0.277596 17.265714
0.307743 17.341418
0.319718 17.365969
0.387851 17.342308
0.393928 17.306553
0.406675 17.328752
0.424079 17.332675
0.425718 17.309427
0.515626 17.271053
0.524792 17.065812
0.542033 17.089589
0.564581 17.158835
0.617258 17.068867
0.639775 17.022416
0.641109 17.044947
0.680940 16.989705
0.712990 16.938427
0.818876 17.113890
0.829291 17.062111
0.884355 17.166930
0.911636 17.121630
0.916683 17.110982
0.935210 17.179805
1.000690 17.235136
1.027970 17.197116
1.129779 17.295764
1.131612 17.254144
1.133161 17.214525
