0.006547 15.787423
0.008226 15.711078
0.018711 15.740283
0.059335 15.789448
0.122592 15.864592
0.175380 15.803238
0.220207 15.886222
0.275706 15.883810
0.294890 15.887395
0.391734 15.937212
0.410917 15.930313
0.571537 15.574172
0.667915 15.429735
0.701834 15.433305
0.704263 15.488034
0.732563 15.395346
0.735094 15.434788
0.754928 15.538901
0.851120 15.615911
0.870955 15.658178
0.892245 15.588509
0.902681 15.675367
0.978050 15.712808
0.999530 15.708422
1.006547 15.787423
1.008226 15.711078
1.018711 15.740283
1.059335 15.789448
1.122592 15.864592
1.175380 15.803238
