0.005650 19.540115
0.036028 19.586832
0.057065 19.629911
0.084894 19.621732
0.146149 19.637119
0.162188 19.631637
0.259951 19.666248
0.286114 19.730353
0.307015 19.709348
0.355911 19.727859
0.399974 19.785460
0.411443 19.796513
0.420862 19.774288
0.433167 19.754917
0.469717 19.677605
0.525306 19.467804
0.530976 19.424284
0.578633 19.306897
0.583559 19.335711
0.586152 19.306802
0.670951 19.272631
0.700014 19.330094
0.750300 19.438035
0.784813 19.374060
0.830818 19.407221
0.864119 19.397770
0.891806 19.468282
0.922139 19.451686
0.943161 19.500793
0.970991 19.526687
1.005650 19.540115
1.036028 19.586832
1.057065 19.629911
1.084894 19.621732
1.146149 19.637119
1.162188 19.631637
