0.004644 15.632546
0.010370 15.635778
0.043370 15.675072
0.090315 15.688226
0.093937 15.674993
0.101762 15.686823
0.163643 15.724934
0.182976 15.803035
0.228756 15.747779
0.269037 15.777347
0.288924 15.808243
0.317395 15.842564
0.330272 15.801000
0.363175 15.800595
0.415947 15.880313
0.421670 15.869889
0.423392 15.884965
0.448004 15.901280
0.458948 15.863140
0.464668 15.848565
0.483539 15.814941
0.505153 15.744878
0.550344 15.585078
0.556018 15.592382
0.588981 15.468929
0.648286 15.057071
0.664398 14.961198
0.723396 15.302772
0.778895 15.397095
0.784566 15.420020
0.788908 15.398965
0.836905 15.388851
0.870195 15.532489
0.875973 15.524325
0.955920 15.591711
0.959521 15.595925
0.984347 15.603504
1.004644 15.632546
1.010370 15.635778
1.043370 15.675072
1.090315 15.688226
1.093937 15.674993
1.101762 15.686823
1.163643 15.724934
1.182976 15.803035
