0.064817 15.845755
0.080698 15.900722
0.081181 15.899949
0.086615 15.836531
0.106991 15.891603
0.192757 15.921611
0.212742 15.907987
0.223755 15.959812
0.240119 16.021990
0.245632 16.018847
0.250284 15.969905
0.265950 15.952968
0.280852 16.058476
0.296321 15.965747
0.314643 16.045193
0.343038 15.944907
0.351713 15.956099
0.352963 16.028682
0.371703 15.954693
0.437386 16.024799
0.439810 16.074401
0.457544 15.962596
0.511900 15.995187
0.616477 15.183871
0.618378 15.173282
0.656698 14.882398
0.708306 14.968620
0.777309 15.298787
0.814393 15.452989
0.815707 15.407558
0.890212 15.561466
0.902493 15.563250
0.974586 15.733067
1.064817 15.845755
1.080698 15.900722
1.081181 15.899949
1.086615 15.836531
1.106991 15.891603
1.192757 15.921611
