0.002146 16.339305
0.002670 16.329241
0.005003 16.343999
0.076860 16.413384
0.117861 16.442271
0.151881 16.457105
0.156653 16.484418
0.378542 16.532990
0.436555 16.564230
0.484404 16.547509
0.597388 15.978032
0.628307 15.824299
0.632838 15.967240
0.638455 15.805672
0.738094 15.922760
0.782320 15.928756
0.786825 15.869879
0.804591 16.030514
0.843244 15.997593
0.848132 16.120638
0.892082 16.168189
0.963928 16.293756
0.987852 16.247109
1.002146 16.339305
1.002670 16.329241
1.005003 16.343999
1.076860 16.413384
1.117861 16.442271
1.151881 16.457105
1.156653 16.484418
