0.025253 17.450337
0.026856 17.406936
0.099260 17.439398
0.137707 17.629034
0.227732 17.559749
0.230729 17.539798
0.266173 17.710425
0.291815 17.629395
0.319375 17.618036
0.359198 17.636066
0.450479 17.599707
0.453830 17.597289
0.533531 17.358044
0.582304 17.163807
0.609493 17.049815
0.664993 16.999971
0.718266 17.164642
0.718888 17.154104
0.719467 17.100161
0.756659 17.108230
0.793415 17.162716
0.815721 17.193905
0.847307 17.275145
0.884755 17.256497
0.888056 17.280340
0.898425 17.342358
0.924936 17.319652
0.944207 17.370918
0.967806 17.351042
1.025253 17.450337
1.026856 17.406936
1.099260 17.439398
1.137707 17.629034
