0.186662 16.542428
0.196372 16.544583
0.210067 16.551055
0.223657 16.553208
0.293650 16.584481
0.329108 16.601078
0.335189 16.608171
0.338991 16.608758
0.366100 16.631215
0.374178 16.629415
0.426300 16.638027
0.436051 16.546010
0.516634 16.437430
0.529993 16.402108
0.568738 16.375274
0.672432 16.264399
0.702604 16.281165
0.704517 16.276909
0.719671 16.295812
0.741031 16.313506
0.742162 16.306484
0.775191 16.329705
0.846973 16.365353
0.847548 16.380878
0.853641 16.376264
0.862022 16.385415
0.883491 16.369102
0.996138 16.466044
1.186662 16.542428
1.196372 16.544583
