0.097801 16.026788
0.103468 16.023504
0.125981 16.037716
0.193387 16.066792
0.201536 16.065372
0.224081 16.075333
0.226050 16.074572
0.227031 16.079600
0.284633 16.094927
0.291486 16.100389
0.297051 16.111985
0.319519 16.120419
0.325091 16.133405
0.334755 16.140262
0.398494 16.158167
0.457498 16.125540
0.463066 16.115330
0.524898 15.894395
0.530469 15.888225
0.530790 15.886166
0.555562 15.856257
0.558504 15.860444
0.580612 15.829078
0.620463 15.785260
0.628560 15.770834
0.628896 15.770138
0.631903 15.768347
0.656528 15.760090
0.658014 15.764740
0.718531 15.801293
0.721364 15.798233
0.729961 15.805163
0.735524 15.804371
0.756108 15.816512
0.788981 15.843830
0.794541 15.844869
0.802851 15.849846
0.819401 15.863788
0.856370 15.880901
0.861948 15.883536
0.864375 15.894720
0.887036 15.902518
0.889979 15.909031
0.892485 15.913991
0.895561 15.918262
0.959973 15.945772
0.963368 15.952824
0.968964 15.948966
0.990553 15.962929
0.992644 15.972588
0.993621 15.967968
1.097801 16.026788
1.103468 16.023504
1.125981 16.037716
1.193387 16.066792
