0.050057 17.766996
0.061110 17.772148
0.066024 17.771634
0.121490 17.791696
0.164767 17.799357
0.189577 17.825093
0.205574 17.830918
0.230607 17.819820
0.242375 17.821302
0.243101 17.832259
0.304269 17.840239
0.304337 17.834438
0.320277 17.868713
0.339124 17.865015
0.357847 17.863148
0.394479 17.853727
0.418975 17.858824
0.453809 17.826437
0.509227 17.708910
0.537750 17.638630
0.551362 17.665334
0.552521 17.644345
0.583696 17.608475
0.588885 17.599518
0.630116 17.584623
0.662310 17.558701
0.678332 17.577704
0.692010 17.572958
0.769888 17.618564
0.777018 17.623277
0.806718 17.623084
0.810802 17.639613
0.824329 17.628999
0.856751 17.647861
0.862796 17.693254
0.884605 17.675816
0.934476 17.704523
0.946403 17.704222
0.951360 17.687121
0.977513 17.685496
1.050057 17.766996
1.061110 17.772148
1.066024 17.771634
1.121490 17.791696
1.164767 17.799357
1.189577 17.825093
