0.029115 17.921913
0.064436 17.950518
0.089985 17.968779
0.102465 17.985472
0.190131 18.018376
0.198117 17.995982
0.202649 18.004544
0.233990 18.009896
0.243361 18.026050
0.303350 18.080789
0.334175 18.088692
0.343531 18.100412
0.387534 18.136127
0.403092 18.150471
0.428633 18.126926
0.436584 18.131804
0.452240 18.126008
0.473493 18.038702
0.487725 17.998396
0.536732 17.768220
0.572608 17.705766
0.593506 17.671219
0.641560 17.629537
0.672832 17.644015
0.682270 17.636678
0.684411 17.663345
0.741744 17.708337
0.784592 17.695768
0.831958 17.798076
0.831990 17.800140
0.852300 17.808714
0.911305 17.852725
0.932133 17.849707
0.936508 17.845580
0.980210 17.894649
1.029115 17.921913
1.064436 17.950518
1.089985 17.968779
1.102465 17.985472
1.190131 18.018376
1.198117 17.995982
