0.012768 17.084611
0.015732 17.076527
0.021703 17.089268
0.087538 17.155920
0.121212 17.212873
0.148940 17.243392
0.168975 17.268122
0.171853 17.250720
0.189232 17.275183
0.231349 17.270141
0.244509 17.267088
0.280515 17.257671
0.312661 17.268342
0.335780 17.256806
0.364997 17.268007
0.381220 17.268200
0.387473 17.261289
0.403726 17.261210
0.465120 17.323395
0.468766 17.344928
0.520539 17.306697
0.521139 17.321713
0.527867 17.297064
0.555959 17.059686
0.559836 16.979313
0.676655 16.397791
0.712064 16.498924
0.752814 16.634006
0.760638 16.604071
0.820696 16.772980
0.865598 16.868192
0.872921 16.885230
0.908867 16.927615
0.931425 16.968979
0.992766 17.057335
0.993446 17.046239
1.012768 17.084611
1.015732 17.076527
1.021703 17.089268
1.087538 17.155920
1.121212 17.212873
1.148940 17.243392
1.168975 17.268122
1.171853 17.250720
1.189232 17.275183
