0.027312 17.365563
0.030656 17.461138
0.036148 17.433513
0.039547 17.423309
0.087668 17.460871
0.136635 17.467584
0.140304 17.515076
0.150582 17.532237
0.232414 17.564052
0.294916 17.515431
0.330539 17.591753
0.362380 17.612234
0.398630 17.401176
0.407621 17.650752
0.445830 17.665030
0.475057 17.244630
0.504643 17.458803
0.516987 17.661157
0.523423 17.485437
0.531568 17.303647
0.553224 17.047900
0.562232 17.579901
0.589030 16.890442
0.614029 17.156619
0.625139 16.998078
0.629727 17.024035
0.686179 16.910429
0.698563 16.816930
0.743622 17.141407
0.779726 17.195363
0.859421 17.178271
0.864444 17.190866
0.876066 17.357579
0.881499 17.328355
0.884938 17.183855
0.933056 17.317162
0.982086 17.321059
0.995972 17.424633
1.027312 17.365563
1.030656 17.461138
1.036148 17.433513
1.039547 17.423309
1.087668 17.460871
1.136635 17.467584
1.140304 17.515076
1.150582 17.532237
