0.017496 14.946741
0.116592 15.024072
0.117936 15.007060
0.222037 15.049965
0.240172 15.044763
0.257726 15.072017
0.274214 15.053637
0.279946 15.042385
0.325691 15.055293
0.330278 15.047556
0.355938 15.068333
0.363175 15.067846
0.381328 15.118599
0.466843 15.176322
0.497126 15.114307
0.523632 15.029253
0.645714 14.387564
0.655984 14.304358
0.664742 14.325723
0.665051 14.282865
0.781994 14.579654
0.797134 14.604606
0.802768 14.615377
0.815654 14.668692
0.876361 14.781750
0.908730 14.821456
0.956794 14.868336
1.017496 14.946741
1.116592 15.024072
1.117936 15.007060
