0.090680 15.245550
0.116950 15.264356
0.140076 15.270728
0.157167 15.271751
0.195759 15.293950
0.215817 15.298472
0.236013 15.296664
0.238444 15.302344
0.253768 15.293970
0.270832 15.311281
0.270845 15.307398
0.302502 15.320631
0.313822 15.334020
0.341195 15.319483
0.361195 15.318633
0.363675 15.330404
0.377911 15.323541
0.399161 15.324067
0.416234 15.344106
0.443434 15.427050
0.459213 15.435427
0.490029 15.461714
0.492404 15.452608
0.523252 15.400875
0.529243 15.303396
0.582178 14.787647
0.588830 14.643037
0.616869 14.460412
0.635405 14.449382
0.648569 14.430949
0.762248 14.722166
0.794012 14.789595
0.805282 14.847864
0.811096 14.824190
0.825079 14.849006
0.905354 14.997340
0.907639 14.982512
0.950657 15.068953
0.971554 15.104722
1.090680 15.245550
1.116950 15.264356
1.140076 15.270728
1.157167 15.271751
1.195759 15.293950
