0.008192 18.431535
0.010410 18.441847
0.026592 18.435936
0.031705 18.452950
0.034782 18.421223
0.042496 18.462260
0.079657 18.470193
0.087367 18.416043
0.113771 18.477468
0.114934 18.490601
0.117126 18.492086
0.131256 18.485487
0.133524 18.488090
0.159792 18.522323
0.167497 18.553525
0.173264 18.510531
0.202731 18.540778
0.210442 18.510328
0.240191 18.563116
0.247611 18.552149
0.253379 18.530514
0.290582 18.524956
0.327734 18.578128
0.335448 18.539504
0.335735 18.557279
0.378382 18.570653
0.407928 18.602745
0.413074 18.631495
0.415565 18.611024
0.450809 18.630543
0.458522 18.635912
0.458803 18.638378
0.495682 18.584676
0.503348 18.534611
0.530970 18.311173
0.546314 18.249695
0.546347 18.255787
0.575823 18.184126
0.583520 18.183201
0.618779 18.062237
0.626517 18.053383
0.656027 18.084379
0.663634 18.057927
0.666428 18.078643
0.671337 18.093948
0.698853 18.123332
0.705985 18.137839
0.742201 18.136810
0.743715 18.183785
0.751473 18.177880
0.768134 18.179722
0.779043 18.224659
0.794366 18.238010
0.829107 18.275059
0.831588 18.274984
0.865280 18.300676
0.866837 18.296783
0.874546 18.321126
0.891249 18.302274
0.911707 18.352868
0.962349 18.381483
0.990704 18.344590
0.991857 18.397507
0.999543 18.391000
1.008192 18.431535
1.010410 18.441847
1.026592 18.435936
1.031705 18.452950
1.034782 18.421223
1.042496 18.462260
1.079657 18.470193
1.087367 18.416043
1.113771 18.477468
1.114934 18.490601
1.117126 18.492086
1.131256 18.485487
1.133524 18.488090
1.159792 18.522323
1.167497 18.553525
1.173264 18.510531
