0.008884 15.793803
0.032063 15.885566
0.081098 15.911495
0.101971 15.955153
0.105773 15.981463
0.113756 15.969210
0.135959 15.914698
0.158401 15.982034
0.167142 15.989572
0.212094 15.993285
0.255289 16.072807
0.286933 16.067837
0.291707 16.046706
0.297676 16.026970
0.302505 16.091699
0.308520 16.045086
0.319301 16.053710
0.330080 16.051838
0.340809 16.032826
0.351662 16.041793
0.361542 16.005067
0.441166 16.107511
0.451248 16.036824
0.457832 16.073690
0.458032 16.126119
0.468812 16.130496
0.479592 16.145474
0.514290 16.047061
0.579144 15.534992
0.645227 15.113953
0.760701 15.342360
0.792335 15.418276
0.797053 15.434944
0.803128 15.437841
0.813911 15.476366
0.824690 15.500592
0.835472 15.536362
0.846262 15.542569
0.882556 15.698228
0.907800 15.657940
0.924977 15.756062
0.931578 15.700678
0.935815 15.744602
0.941849 15.741023
0.946623 15.739392
0.963422 15.771650
0.974201 15.787560
0.984927 15.802480
0.995776 15.824386
1.008884 15.793803
1.032063 15.885566
1.081098 15.911495
1.101971 15.955153
1.105773 15.981463
1.113756 15.969210
1.135959 15.914698
1.158401 15.982034
1.167142 15.989572
