0.013883 16.548528
0.017449 16.555304
0.038748 16.574330
0.122530 16.614821
0.184739 16.643448
0.204117 16.664030
0.225516 16.692365
0.228833 16.628091
0.230755 16.669571
0.312376 16.661073
0.337101 16.658667
0.370592 16.661559
0.390543 16.695599
0.445415 16.750935
0.478858 16.809068
0.486909 16.755143
0.488499 16.772556
0.492841 16.715330
0.498812 16.766879
0.651485 16.069516
0.662672 16.057939
0.704967 16.219635
0.811009 16.340359
0.813226 16.341507
0.862862 16.396978
0.863291 16.398541
0.905626 16.437253
0.909183 16.437104
0.920384 16.447038
0.930437 16.450561
0.971128 16.496052
0.971549 16.494189
1.013883 16.548528
1.017449 16.555304
1.038748 16.574330
1.122530 16.614821
1.184739 16.643448
