0.035787 17.021452
0.041796 17.053779
0.054614 17.028121
0.080296 17.036136
0.085624 17.057215
0.147184 17.098058
0.181660 17.102821
0.198295 17.070408
0.203317 17.107538
0.216587 17.102711
0.240922 17.138212
0.247429 17.111726
0.271543 17.195665
0.312565 17.153423
0.329262 17.063170
0.347565 17.162479
0.378348 17.159360
0.396598 17.148741
0.402510 17.186448
0.410165 17.194074
0.507074 17.098918
0.527554 17.117784
0.563846 16.790503
0.621095 16.403370
0.635504 16.428279
0.637989 16.480325
0.651101 16.456789
0.694839 16.603650
0.766509 16.674085
0.828844 16.760753
0.839268 16.751488
0.904876 16.927291
0.923659 16.929416
0.949376 16.898582
0.949769 16.942721
0.959808 16.955086
1.035787 17.021452
1.041796 17.053779
1.054614 17.028121
1.080296 17.036136
1.085624 17.057215
1.147184 17.098058
1.181660 17.102821
1.198295 17.070408
