0.065165 16.216532
0.185008 16.312286
0.189106 16.331476
0.207942 16.322181
0.226830 16.301189
0.248150 16.317959
0.256835 16.315451
0.264303 16.324599
0.282758 16.331689
0.287272 16.337070
0.287961 16.323837
0.316146 16.329851
0.327736 16.333795
0.331868 16.343592
0.346501 16.323402
0.369633 16.312366
0.390925 16.347883
0.399609 16.345324
0.486775 16.403463
0.489275 16.395022
0.520737 16.365549
0.559910 16.083744
0.577458 15.842566
0.629537 15.535767
0.655994 15.578337
0.663453 15.537412
0.667612 15.566052
0.720234 15.688445
0.780003 15.823714
0.805367 15.866290
0.810385 15.877269
0.823109 15.900501
0.948082 16.077720
0.965830 16.109253
1.065165 16.216532
1.185008 16.312286
1.189106 16.331476
