0.019099 17.506947
0.028287 17.543229
0.030154 17.557140
0.030401 17.504717
0.061570 17.540270
0.101289 17.558591
0.119187 17.575413
0.142036 17.587298
0.187504 17.662378
0.209155 17.654162
0.244456 17.629550
0.258380 17.609638
0.262772 17.670243
0.279659 17.637482
0.332647 17.670525
0.366245 17.690784
0.393048 17.608487
0.402281 17.641084
0.419866 17.628172
0.436761 17.726814
0.489745 17.722555
0.515985 17.794022
0.518853 17.711187
0.625976 16.822341
0.675946 16.786201
0.783073 17.017798
0.791670 17.025495
0.808902 17.118613
0.825026 17.259020
0.873051 17.322626
0.904484 17.373370
0.962100 17.340616
0.982124 17.484331
1.019099 17.506947
1.028287 17.543229
1.030154 17.557140
1.030401 17.504717
1.061570 17.540270
1.101289 17.558591
1.119187 17.575413
1.142036 17.587298
1.187504 17.662378
