0.084588 19.383067
0.103317 19.340921
0.152379 19.445213
0.190444 19.451074
0.197097 19.457099
0.204132 19.423200
0.229568 19.409617
0.247778 19.486031
0.316696 19.484776
0.354805 19.473290
0.373981 19.454560
0.407069 19.429316
0.430071 19.468297
0.435831 19.534049
0.485460 19.602703
0.626281 18.749528
0.659544 18.772117
0.726605 18.901162
0.754506 18.966016
0.852856 19.121123
0.854204 19.134104
0.958389 19.254944
0.980454 19.353951
0.997717 19.276308
1.084588 19.383067
1.103317 19.340921
1.152379 19.445213
1.190444 19.451074
1.197097 19.457099
