0.013463 19.338637
0.067116 19.403444
0.090585 19.537309
0.091780 19.496068
0.116582 19.427307
0.141299 19.509554
0.149709 19.593022
0.277136 19.496615
0.295890 19.536301
0.342832 19.401008
0.342838 19.549411
0.348952 19.533397
0.353819 19.533514
0.381370 19.564203
0.432138 19.635425
0.524543 19.641967
0.563965 19.104385
0.613738 18.634862
0.623461 18.604191
0.700211 18.723716
0.745274 18.938657
0.759820 18.959445
0.766259 18.969861
0.822237 19.086819
0.854061 19.107729
0.893717 19.183475
0.955475 19.294130
0.980334 19.254653
0.990308 19.377756
1.013463 19.338637
1.067116 19.403444
1.090585 19.537309
1.091780 19.496068
1.116582 19.427307
1.141299 19.509554
1.149709 19.593022
