0.015694 18.594217
0.036179 18.618532
0.036287 18.597305
0.086345 18.653806
0.106038 18.668416
0.115612 18.676311
0.127178 18.691488
0.129268 18.695856
0.151280 18.669609
0.169426 18.708889
0.171871 18.672471
0.178753 18.695140
0.186241 18.709826
0.251142 18.698324
0.262758 18.729476
0.355258 18.735262
0.358899 18.738554
0.379277 18.792115
0.409081 18.844070
0.487671 18.831805
0.490787 18.810821
0.501497 18.746430
0.514808 18.679633
0.670755 18.111108
0.699862 18.169214
0.810416 18.386628
0.817591 18.346140
0.835453 18.371487
0.859360 18.400919
0.908380 18.479224
1.015694 18.594217
1.036179 18.618532
1.036287 18.597305
1.086345 18.653806
1.106038 18.668416
1.115612 18.676311
1.127178 18.691488
1.129268 18.695856
1.151280 18.669609
1.169426 18.708889
1.171871 18.672471
1.178753 18.695140
1.186241 18.709826
