0.041544 19.666640
0.099678 19.748982
0.134808 19.732667
0.156830 19.896172
0.204787 19.724847
0.291621 19.761578
0.294572 19.763647
0.315354 19.795114
0.374542 19.814846
0.394261 19.819236
0.409204 19.638482
0.409850 19.783712
0.450442 19.792162
0.555112 19.550101
0.603170 19.459569
0.623683 19.501934
0.632818 19.478740
0.670443 19.487216
0.724283 19.518621
0.738969 19.490476
0.801750 19.539423
0.839563 19.542296
0.844483 19.603354
0.879328 19.622626
0.917111 19.464378
0.923473 19.592138
0.959765 19.702140
0.984356 19.676715
1.041544 19.666640
1.099678 19.748982
1.134808 19.732667
1.156830 19.896172
