0.016286 19.547580
0.058933 19.633064
0.076499 19.759138
0.090710 19.442441
0.094391 19.781755
0.151617 19.604903
0.187917 19.794277
0.296388 19.707038
0.333670 19.647919
0.392220 19.700703
0.421821 19.804848
0.520085 19.744333
0.523903 19.171265
0.570459 19.018182
0.585705 18.872286
0.659637 18.839746
0.689901 18.909546
0.725262 19.227509
0.829468 19.087594
0.854339 19.044380
0.951334 19.262408
0.954890 19.701146
0.993838 19.316093
1.016286 19.547580
1.058933 19.633064
1.076499 19.759138
1.090710 19.442441
1.094391 19.781755
1.151617 19.604903
1.187917 19.794277
