0.005755 19.433128
0.007995 19.467266
0.039705 19.335492
0.084258 19.491451
0.123666 19.487666
0.125929 19.519523
0.133542 19.512994
0.164396 19.491619
0.168528 19.511616
0.196150 19.529216
0.282353 19.320313
0.286463 19.503542
0.354428 19.560920
0.367904 19.601703
0.438208 19.623296
0.555536 19.301702
0.556145 19.210474
0.646287 19.139291
0.673473 19.167346
0.682792 19.173459
0.773008 19.212455
0.794903 19.262366
0.800729 19.236844
0.817493 19.273676
0.890942 19.067635
0.912862 19.359629
0.928765 19.348793
1.005755 19.433128
1.007995 19.467266
1.039705 19.335492
1.084258 19.491451
1.123666 19.487666
1.125929 19.519523
1.133542 19.512994
1.164396 19.491619
1.168528 19.511616
1.196150 19.529216
