0.032703 19.212764
0.048721 19.176200
0.072610 19.311640
0.140514 19.171738
0.203736 19.379903
0.285320 19.257563
0.314212 19.398900
0.362404 19.383823
0.442132 19.264618
0.516483 19.154418
0.558208 19.065287
0.572797 19.131204
0.671300 19.076656
0.674776 19.045257
0.687443 19.043450
0.720825 19.030792
0.754267 19.068735
0.770034 19.040158
0.790804 19.014193
0.809432 19.147027
0.836899 19.084073
0.864272 19.054008
0.883152 19.171300
0.898304 19.176457
0.999227 19.249982
1.032703 19.212764
1.048721 19.176200
1.072610 19.311640
1.140514 19.171738
