0.053158 19.281493
0.101328 19.222853
0.145034 19.356556
0.211504 19.331030
0.249474 19.413727
0.251315 19.399466
0.255683 19.355117
0.304459 19.328106
0.321452 19.309381
0.330217 19.449370
0.350021 19.452779
0.360160 19.336144
0.374409 19.360381
0.425933 19.369461
0.478890 19.356514
0.509011 19.323833
0.557903 19.198632
0.569075 19.038408
0.613530 19.164697
0.617102 18.966979
0.662370 18.796628
0.678778 18.817165
0.705342 18.931039
0.732186 19.077934
0.783255 19.001493
0.804466 19.061905
0.809701 19.049520
0.845295 19.111956
0.887591 19.112885
0.949813 19.242773
0.973113 19.213528
1.053158 19.281493
1.101328 19.222853
1.145034 19.356556
