0.035885 19.477177
0.090268 19.442910
0.111835 19.484258
0.148589 19.487762
0.196139 19.329061
0.203015 19.521620
0.216256 19.489582
0.272587 19.510715
0.358212 19.530607
0.385288 19.589154
0.445771 19.541443
0.473319 19.481350
0.558473 19.360708
0.585978 19.293747
0.601060 19.316424
0.604949 19.286472
0.644794 19.312770
0.660556 19.245663
0.670606 19.242228
0.703275 19.255438
0.717653 19.260274
0.722781 19.267284
0.755286 19.235406
0.757499 19.494137
0.772069 19.119296
0.773215 19.289708
0.783309 19.314342
0.884770 19.359347
1.035885 19.477177
1.090268 19.442910
1.111835 19.484258
1.148589 19.487762
1.196139 19.329061
