0.147384 19.529462
0.147850 19.575320
0.156125 19.558946
0.172968 19.585776
0.256956 19.617041
0.267740 19.655807
0.287060 19.670999
0.292813 19.670640
0.313185 19.693286
0.327720 19.715558
0.386248 19.539296
0.427505 19.433274
0.433033 19.356522
0.447567 19.317631
0.457538 19.229275
0.497613 19.203229
0.513532 19.183297
0.552263 19.145506
0.597393 19.177799
0.633380 19.261681
0.672154 19.270901
0.686009 19.384695
0.742807 19.420400
0.805270 19.385093
1.147384 19.529462
1.147850 19.575320
1.156125 19.558946
1.172968 19.585776
