0.025294 19.492338
0.026253 19.409763
0.032408 19.551432
0.081152 19.568233
0.141151 19.490156
0.278278 19.600755
0.291552 19.592548
0.298609 19.607940
0.316218 19.640791
0.345473 19.717700
0.400360 19.663299
0.403614 19.650075
0.410108 19.674496
0.431117 19.622742
0.490821 19.529571
0.518513 19.388536
0.605720 19.253573
0.610039 19.272235
0.618970 19.370304
0.673850 19.240835
0.730426 19.340225
0.762087 19.371462
0.765959 19.436516
0.826716 19.388085
0.876942 19.460355
0.880858 19.428534
0.941615 19.460196
0.955221 19.464921
0.972921 19.429738
1.025294 19.492338
1.026253 19.409763
1.032408 19.551432
1.081152 19.568233
1.141151 19.490156
