0.032169 19.477514
0.069033 19.524883
0.123398 19.578404
0.138967 19.541245
0.199877 19.567560
0.200575 19.550763
0.201171 19.663486
0.201569 19.665208
0.231479 19.605158
0.372563 19.518764
0.424117 19.582841
0.503458 19.681831
0.514773 19.682821
0.548212 19.485783
0.557440 19.464397
0.586085 19.110760
0.645618 18.797876
0.679058 18.884884
0.720052 18.971646
0.754503 19.079050
0.771070 19.111015
0.827516 19.172314
0.873722 19.245728
0.885347 19.277671
0.935196 19.339646
1.032169 19.477514
1.069033 19.524883
1.123398 19.578404
1.138967 19.541245
1.199877 19.567560
