0.050394 19.459186
0.063469 19.480971
0.084288 19.008312
0.089028 19.342422
0.110100 19.495287
0.115355 19.270617
0.197734 19.416535
0.213816 19.561065
0.234421 19.245357
0.273709 19.722126
0.347940 19.552520
0.401643 19.648678
0.404658 19.646905
0.420506 19.469036
0.440515 19.553114
0.517800 19.512264
0.569832 18.759049
0.667989 18.724025
0.692897 18.629995
0.702815 18.617921
0.796400 18.526933
0.888916 19.273376
0.914901 19.066811
0.959911 19.257564
0.965221 18.813083
1.050394 19.459186
1.063469 19.480971
1.084288 19.008312
1.089028 19.342422
1.110100 19.495287
1.115355 19.270617
1.197734 19.416535
