0.057426 19.340640
0.059801 19.395865
0.084179 19.339363
0.088081 19.317713
0.234216 19.459369
0.262287 19.417968
0.302544 19.467134
0.362250 19.418697
0.381444 19.493586
0.409710 19.501989
0.421746 19.589129
0.425198 19.480575
0.481452 19.460987
0.491177 19.460562
0.493505 19.428833
0.544401 19.132036
0.546157 19.186090
0.665382 19.025831
0.693451 18.971652
0.790040 19.122766
0.800444 19.016424
0.884271 19.174282
0.909777 19.281030
0.940598 19.317799
0.962257 19.265278
1.057426 19.340640
1.059801 19.395865
1.084179 19.339363
1.088081 19.317713
