0.125871 19.324935
0.161110 19.363320
0.223256 19.373046
0.244505 19.384824
0.279833 19.385030
0.283173 19.389886
0.329742 19.468361
0.341937 19.282733
0.354987 19.424679
0.356836 19.363644
0.413692 19.406035
0.445953 19.414660
0.448468 19.479288
0.475516 19.407430
0.512648 19.436547
0.521062 19.456868
0.532404 19.437083
0.564631 19.439744
0.571713 19.462806
0.597233 19.361471
0.600151 19.409917
0.602147 19.309283
0.639742 19.145802
0.718784 19.070042
0.830557 19.066205
0.879777 19.092783
0.958268 19.147594
1.125871 19.324935
1.161110 19.363320
