0.075490 19.648542
0.216607 19.802444
0.222107 19.753219
0.256242 19.770822
0.275446 19.635212
0.303554 19.774550
0.366609 19.719573
0.408655 19.771646
0.412308 19.759214
0.427556 19.751253
0.477425 19.629149
0.525608 19.761681
0.539978 19.735663
0.551402 19.763136
0.649560 18.718476
0.652598 18.820236
0.681423 18.879624
0.705252 19.093795
0.710155 19.015922
0.753493 19.180043
0.799835 19.224716
0.859473 19.330939
0.889384 19.358196
0.923838 19.398321
0.951488 19.514373
0.976583 19.528927
0.980291 19.485442
0.983472 19.513498
0.999229 19.555557
1.075490 19.648542
