0.058768 19.328153
0.120536 19.380250
0.255804 19.422068
0.296632 19.407474
0.304120 19.402665
0.421024 19.452095
0.428512 19.497634
0.492834 19.539978
0.551900 19.150252
0.599572 18.839563
0.617277 18.770923
0.653073 18.814919
0.674629 18.887946
0.723964 18.953398
0.766171 19.003936
0.767768 18.993865
0.767830 18.917299
0.778274 19.045796
0.792684 19.025469
0.890564 19.149625
0.892161 19.158950
0.892224 19.172275
0.907861 19.181607
0.917077 19.204692
0.921218 19.171046
0.934658 19.229416
0.972571 19.188926
0.990942 19.228201
1.058768 19.328153
1.120536 19.380250
