0.048303 19.339895
0.108868 19.454022
0.175171 19.559144
0.256827 19.421938
0.262667 19.474163
0.263177 19.510712
0.271137 19.457032
0.295402 19.518383
0.320244 19.498387
0.341515 19.595342
0.358545 19.535395
0.401897 19.445415
0.405701 19.476936
0.407739 19.461000
0.408303 19.468750
0.509320 19.314511
0.680411 18.730866
0.686833 18.853142
0.695147 18.798903
0.751074 18.716392
0.764570 18.940389
0.818221 19.096046
0.832087 19.100229
0.840166 19.111047
0.909588 19.202197
0.950085 19.278904
0.963793 19.273998
1.048303 19.339895
1.108868 19.454022
1.175171 19.559144
