0.067153 19.368070
0.071878 19.402916
0.101450 19.362735
0.130848 19.446221
0.191186 19.435119
0.231397 19.417167
0.250066 19.420940
0.313320 19.488493
0.318137 19.442711
0.327391 19.479399
0.399200 19.631213
0.402272 19.603853
0.413784 19.577305
0.446652 19.585022
0.485758 19.544795
0.530946 19.230407
0.533047 19.213124
0.616433 18.948383
0.650162 18.941505
0.675020 18.966479
0.694412 18.999928
0.812711 19.185025
0.813627 19.147442
0.848903 19.191009
0.931971 19.276881
0.940976 19.284426
0.958894 19.257482
0.962220 19.281869
1.067153 19.368070
1.071878 19.402916
1.101450 19.362735
1.130848 19.446221
1.191186 19.435119
