0.003204 19.397203
0.052389 19.414366
0.068597 19.438398
0.077995 19.396211
0.088929 19.469288
0.108564 19.442611
0.128112 19.236320
0.169291 19.488756
0.194943 19.563707
0.201480 19.359032
0.244970 19.364688
0.339826 19.499454
0.365011 19.558637
0.399603 19.521193
0.460801 19.522899
0.532444 19.415408
0.737393 19.174984
0.804898 19.279938
0.824604 19.353622
0.825214 19.275862
0.837872 19.248787
0.844972 19.304498
0.854252 19.269690
0.886300 19.307657
0.921800 19.327374
0.941508 19.402181
0.942150 19.325993
0.951683 19.378431
0.961920 19.302128
0.994472 19.359075
1.003204 19.397203
1.052389 19.414366
1.068597 19.438398
1.077995 19.396211
1.088929 19.469288
1.108564 19.442611
1.128112 19.236320
1.169291 19.488756
1.194943 19.563707
