0.039399 19.430384
0.056279 19.421630
0.063077 19.387647
0.069311 19.508976
0.110074 19.500916
0.147135 19.464006
0.198411 19.557416
0.198957 19.480804
0.238034 19.580484
0.239718 19.522610
0.255857 19.448508
0.307159 19.552194
0.328054 19.435146
0.360763 19.589001
0.367004 19.557816
0.385549 19.505837
0.431755 19.595378
0.518954 19.496618
0.594187 19.021880
0.648648 19.134959
0.661417 18.989590
0.704396 19.046229
0.834090 19.262015
0.838432 19.169961
0.879730 19.316302
0.909707 19.321623
0.926635 19.327188
0.953318 19.364780
1.039399 19.430384
1.056279 19.421630
1.063077 19.387647
1.069311 19.508976
1.110074 19.500916
1.147135 19.464006
1.198411 19.557416
1.198957 19.480804
