0.000159 19.345629
0.011425 19.261005
0.170596 19.409859
0.292283 19.418185
0.300970 19.567108
0.304778 19.371574
0.327959 19.485086
0.365203 19.475813
0.387217 19.527674
0.391366 19.561680
0.436936 19.574442
0.486846 19.169590
0.536106 18.953931
0.545676 18.955072
0.558577 18.794866
0.569638 18.860708
0.583947 18.870221
0.602916 18.884028
0.680910 19.006248
0.699947 19.036401
0.701271 18.992166
0.742404 19.070309
0.793165 19.144917
0.821635 19.172346
0.822912 19.141800
0.873486 19.189936
0.914807 19.225667
1.000159 19.345629
1.011425 19.261005
1.170596 19.409859
