0.010849 19.409210
0.027355 19.414182
0.041401 19.405674
0.067442 19.572183
0.070509 19.524060
0.120732 19.629989
0.136470 19.613020
0.151073 19.596411
0.175742 19.619140
0.210790 19.630328
0.289807 19.643551
0.315914 19.670663
0.480752 19.695055
0.505211 19.765372
0.579752 19.352539
0.612486 18.834219
0.620991 18.833589
0.719977 18.898691
0.834051 19.158995
0.836801 19.168637
0.859709 19.279141
0.927215 19.351842
0.942647 19.357048
0.975324 19.400614
0.980505 19.425035
1.010849 19.409210
1.027355 19.414182
1.041401 19.405674
1.067442 19.572183
1.070509 19.524060
1.120732 19.629989
1.136470 19.613020
1.151073 19.596411
1.175742 19.619140
