0.046139 19.496564
0.061104 19.492164
0.080750 19.499860
0.090579 19.392927
0.128128 19.510488
0.163345 19.534043
0.180856 19.613417
0.195820 19.588669
0.224678 19.539937
0.228024 19.614579
0.359397 19.572937
0.362741 19.678105
0.448795 19.595860
0.483195 19.629996
0.484413 19.786935
0.523326 19.464807
0.633980 19.044171
0.658044 19.068624
0.722414 19.185685
0.760290 19.183316
0.768634 19.179458
0.803864 19.239760
0.828315 19.296922
0.857132 19.275553
0.895006 19.261638
0.905877 19.295599
0.958521 19.325913
0.963031 19.407713
0.967706 19.370638
1.046139 19.496564
1.061104 19.492164
1.080750 19.499860
1.090579 19.392927
1.128128 19.510488
1.163345 19.534043
1.180856 19.613417
1.195820 19.588669
