0.016705 19.234035
0.064293 19.229242
0.090806 19.227297
0.131376 19.298984
0.189609 19.455176
0.203572 19.394510
0.213124 19.328803
0.225225 19.464088
0.249725 19.365055
0.343620 19.486061
0.424336 19.285000
0.498934 19.251352
0.517036 19.434833
0.584315 18.943870
0.637305 18.667244
0.641913 18.833318
0.658029 18.810810
0.702666 19.089788
0.743249 18.927170
0.760265 19.113753
0.802138 19.147006
0.861600 19.057781
0.921861 19.264166
0.945941 19.158982
0.959838 19.065591
0.972457 19.042030
1.016705 19.234035
1.064293 19.229242
1.090806 19.227297
1.131376 19.298984
1.189609 19.455176
