0.072993 20.042377
0.079093 19.945723
0.096922 19.970039
0.166877 20.012747
0.291284 20.085278
0.297576 20.171273
0.309730 20.129729
0.343795 20.189134
0.360118 20.169044
0.399644 20.158853
0.462276 20.188331
0.478323 20.068923
0.480246 20.170704
0.542466 19.684594
0.576037 19.566062
0.606771 19.433910
0.645021 19.569264
0.692797 19.599207
0.710671 19.644684
0.718888 19.638097
0.743699 19.362475
0.853520 19.861089
0.856942 19.771718
0.930195 19.876525
0.999794 19.912418
1.072993 20.042377
1.079093 19.945723
1.096922 19.970039
1.166877 20.012747
