0.042158 19.385628
0.048786 19.383267
0.083204 19.392031
0.094996 19.505512
0.106777 19.395366
0.134071 19.283448
0.223191 19.537490
0.275163 19.596418
0.275548 19.586911
0.279194 19.561932
0.420394 19.583329
0.420728 19.572271
0.510144 19.682350
0.524414 19.686224
0.636817 18.797028
0.644163 18.736194
0.649362 18.714805
0.655321 18.661377
0.682069 18.652613
0.749429 18.857507
0.781995 18.949583
0.818461 19.087818
0.896980 19.177780
1.042158 19.385628
1.048786 19.383267
1.083204 19.392031
1.094996 19.505512
1.106777 19.395366
1.134071 19.283448
