0.013733 19.364608
0.020464 19.350468
0.061237 19.380172
0.097958 19.416488
0.129967 19.401114
0.203698 19.459793
0.216913 19.563931
0.296872 19.466050
0.337271 19.624416
0.341509 19.487006
0.387230 19.536305
0.450342 19.487424
0.453504 19.471469
0.499747 19.382033
0.532122 19.344359
0.566617 19.214533
0.589804 19.274552
0.642965 18.959137
0.856275 19.243494
0.860189 19.254210
0.919633 19.262696
0.981726 19.309802
1.013733 19.364608
1.020464 19.350468
1.061237 19.380172
1.097958 19.416488
1.129967 19.401114
