0.029423 19.366407
0.033986 19.383214
0.094410 19.463195
0.097369 19.402637
0.106290 19.412035
0.121919 19.454679
0.219383 19.448938
0.223654 19.481778
0.228256 19.339279
0.306527 19.441599
0.374308 19.490680
0.380090 19.582765
0.428495 19.575654
0.432291 19.621233
0.456692 19.541474
0.496277 19.428142
0.502057 19.407620
0.580075 19.151764
0.722606 19.123239
0.747013 19.208479
0.803044 19.210305
0.835203 19.255234
0.847967 19.234553
0.907454 19.274139
0.957171 19.295662
0.972443 19.387399
0.992601 19.340916
0.999950 19.363832
1.029423 19.366407
1.033986 19.383214
1.094410 19.463195
1.097369 19.402637
1.106290 19.412035
1.121919 19.454679
