0.017854 19.390914
0.053870 19.509138
0.058578 19.540427
0.097010 19.528608
0.124024 19.637575
0.144666 19.517017
0.151666 19.615288
0.196883 19.574903
0.201539 19.675476
0.216766 19.489772
0.271659 19.586500
0.287569 19.590602
0.335952 19.665287
0.357277 19.588131
0.474280 19.600824
0.500182 19.639154
0.617237 19.035405
0.684098 18.825818
0.814623 19.160157
0.836003 19.194050
0.841343 19.224044
0.953997 19.368986
0.957542 19.400374
0.981067 19.459480
1.017854 19.390914
1.053870 19.509138
1.058578 19.540427
1.097010 19.528608
1.124024 19.637575
1.144666 19.517017
1.151666 19.615288
1.196883 19.574903
