0.009609 19.505624
0.048779 19.487903
0.066868 19.690480
0.082478 19.531890
0.110028 19.528808
0.137903 19.568823
0.156787 19.538409
0.198920 19.556535
0.374189 19.580809
0.434068 19.629573
0.476195 19.476872
0.481592 19.579811
0.607577 19.371285
0.658791 19.328084
0.669750 19.297518
0.719968 19.335857
0.732303 19.332052
0.836460 19.399115
0.862094 19.412777
0.986223 19.511881
0.993583 19.462727
1.009609 19.505624
1.048779 19.487903
1.066868 19.690480
1.082478 19.531890
1.110028 19.528808
1.137903 19.568823
1.156787 19.538409
1.198920 19.556535
