0.051329 19.535125
0.060039 19.498917
0.176044 19.732682
0.178168 19.666709
0.194648 19.681000
0.263379 19.720612
0.318030 19.674550
0.319701 19.671203
0.336181 19.709307
0.459567 19.788129
0.519887 19.578853
0.543673 19.362929
0.576174 18.968845
0.617082 18.702794
0.618384 18.840317
0.682404 18.956183
0.730944 18.859089
0.741518 19.111006
0.758617 19.065350
0.759919 19.185041
0.909795 19.209892
0.918528 19.388415
0.986714 19.483600
1.051329 19.535125
1.060039 19.498917
1.176044 19.732682
1.178168 19.666709
1.194648 19.681000
