0.044378 19.506479
0.119456 19.542957
0.151002 19.578499
0.174937 19.450939
0.176358 19.581316
0.194627 19.516226
0.238647 19.598527
0.251485 19.569929
0.307374 19.575164
0.341077 19.535074
0.400395 19.636118
0.410756 19.644963
0.431584 19.727452
0.439402 19.597942
0.447739 19.716793
0.488427 19.596689
0.532473 19.451303
0.542855 19.341832
0.579716 19.130492
0.618786 18.993262
0.620505 18.957103
0.745816 19.136539
0.760563 19.065608
0.776431 19.261852
0.795206 19.264416
0.832445 19.268183
0.877844 19.244272
0.892593 19.275680
1.044378 19.506479
1.119456 19.542957
1.151002 19.578499
1.174937 19.450939
1.176358 19.581316
1.194627 19.516226
