0.013035 19.232955
0.022361 19.318637
0.033221 19.407383
0.102016 19.232810
0.113320 19.379374
0.114850 19.418673
0.151994 19.410268
0.156715 19.485150
0.295720 19.490684
0.328361 19.462660
0.356248 19.492335
0.430393 19.419651
0.444193 19.580413
0.467365 19.499410
0.495253 19.380042
0.508148 19.374322
0.572090 19.098362
0.602446 18.808268
0.632693 18.879868
0.678531 18.580883
0.711093 18.819648
0.756116 18.843328
0.795557 18.919542
0.808987 18.959248
0.861590 18.991054
0.894215 19.171309
0.895120 19.063314
0.934616 19.158245
0.975846 19.358973
1.013035 19.232955
1.022361 19.318637
1.033221 19.407383
1.102016 19.232810
1.113320 19.379374
1.114850 19.418673
1.151994 19.410268
1.156715 19.485150
