0.002298 19.512055
0.041575 19.498249
0.050841 19.420723
0.121535 19.561637
0.147831 19.639071
0.267014 19.655512
0.346845 19.630971
0.499981 19.751504
0.525663 19.282981
0.614097 18.667450
0.645515 18.770825
0.654403 18.732113
0.671143 18.898713
0.685804 18.890381
0.704558 18.984468
0.712929 19.064141
0.752309 19.132573
0.759573 19.104323
0.792907 19.147907
0.803554 19.148886
0.839055 19.456431
0.848647 19.259000
0.877939 19.370308
0.897786 19.424927
0.938441 19.329459
0.984533 19.441652
1.002298 19.512055
1.041575 19.498249
1.050841 19.420723
1.121535 19.561637
1.147831 19.639071
