0.069443 19.486289
0.078953 19.415789
0.096678 19.466459
0.246349 19.493599
0.259249 19.512640
0.402395 19.664134
0.434488 19.614364
0.456145 19.622365
0.497901 19.456707
0.519262 19.349356
0.537430 19.240727
0.575305 19.102921
0.603157 19.045831
0.614767 19.006945
0.676834 19.107950
0.692127 19.127624
0.714565 19.102854
0.743520 19.177500
0.793701 19.172967
0.831478 19.239554
0.846871 19.261367
0.869208 19.281259
0.875706 19.295023
0.951839 19.331506
0.979811 19.622179
0.996207 19.390915
1.069443 19.486289
1.078953 19.415789
1.096678 19.466459
