0.018633 19.777453
0.121896 19.896203
0.161146 19.897950
0.161989 19.791466
0.199069 19.935716
0.275895 19.918688
0.314600 20.050298
0.315986 19.979399
0.335981 19.991475
0.337600 19.962187
0.353008 20.044675
0.370432 20.010521
0.376933 20.064740
0.468596 20.029919
0.491538 20.081095
0.519983 19.827675
0.527819 19.827242
0.530930 19.627330
0.561427 19.485681
0.649579 19.320432
0.656344 19.321615
0.673979 19.282537
0.772641 19.502329
0.794582 19.501386
0.800369 19.501450
0.803666 19.546904
0.828758 19.591071
0.927984 19.735571
0.982700 19.781096
1.018633 19.777453
1.121896 19.896203
1.161146 19.897950
1.161989 19.791466
1.199069 19.935716
