0.013877 19.756760
0.098326 19.877855
0.155594 19.905641
0.179505 20.121676
0.284471 19.985705
0.302968 19.949470
0.314895 20.116825
0.323847 19.985713
0.345110 20.008032
0.430545 20.069390
0.459255 20.027474
0.489114 20.112576
0.531042 20.060979
0.548152 19.974059
0.637185 18.886964
0.645400 18.871632
0.723015 19.157259
0.734228 19.191322
0.760216 19.221280
0.823330 19.442909
0.936643 19.699166
0.946364 19.712231
0.986276 19.730495
0.993339 19.750773
1.013877 19.756760
1.098326 19.877855
1.155594 19.905641
1.179505 20.121676
