0.006910 18.839635
0.071957 19.328051
0.092774 19.477816
0.109199 19.249348
0.160316 19.280942
0.168657 19.418871
0.196871 19.399573
0.228197 19.528938
0.295464 19.309119
0.329535 19.148144
0.332019 19.428318
0.332197 19.413150
0.364094 19.541006
0.397340 19.594280
0.449912 19.556726
0.465654 19.369346
0.585470 19.635202
0.601212 19.178243
0.714755 18.791435
0.722562 18.996682
0.786942 18.998932
0.788536 18.957089
0.832207 18.845643
0.846030 19.056762
0.854298 19.020653
0.858096 19.007492
0.924095 19.208587
0.936450 19.196288
0.989906 19.246531
1.006910 18.839635
1.071957 19.328051
1.092774 19.477816
1.109199 19.249348
1.160316 19.280942
1.168657 19.418871
1.196871 19.399573
