0.064469 19.466398
0.082459 19.483283
0.139019 19.447374
0.148627 19.528140
0.153924 19.538316
0.161393 19.545580
0.161567 19.569300
0.189547 19.553838
0.207535 19.530157
0.267509 19.526213
0.286470 19.572102
0.286597 19.544201
0.343947 19.525334
0.370045 19.563830
0.451645 19.639315
0.475105 19.655426
0.491466 19.677274
0.558602 19.289689
0.562369 19.320497
0.668400 18.954318
0.740522 19.109848
0.789186 19.170137
0.793477 19.124141
0.796458 19.152478
0.879580 19.304693
0.892522 19.271659
1.064469 19.466398
1.082459 19.483283
1.139019 19.447374
1.148627 19.528140
1.153924 19.538316
1.161393 19.545580
1.161567 19.569300
1.189547 19.553838
