0.051501 19.541220
0.055984 19.566332
0.164603 19.581980
0.175246 19.561401
0.182133 19.637106
0.234229 19.624986
0.255325 19.613942
0.283153 19.553830
0.290670 19.663061
0.323725 19.676732
0.329979 19.626767
0.349251 19.685280
0.391772 19.678458
0.410973 19.630964
0.432304 19.808993
0.438515 19.696540
0.445570 19.650195
0.519549 19.499598
0.554147 19.417684
0.555335 19.415231
0.597343 19.339441
0.705922 19.337371
0.888752 19.491457
0.919757 19.474334
0.975784 19.510091
0.997372 19.491317
1.051501 19.541220
1.055984 19.566332
1.164603 19.581980
1.175246 19.561401
1.182133 19.637106
