0.028386 19.051033
0.029145 19.094449
0.061977 19.233859
0.075604 19.068548
0.076658 19.166630
0.089569 19.136632
0.097402 19.182102
0.099413 19.186839
0.104395 19.239996
0.153330 19.244981
0.180577 19.259600
0.186162 19.209270
0.205227 19.297733
0.223599 19.345594
0.304809 19.374955
0.333654 19.427196
0.354924 19.383265
0.388348 19.429094
0.445637 19.444054
0.457841 19.537751
0.512486 19.498916
0.678626 19.548844
0.907468 18.981840
0.919622 19.023467
0.952520 18.960492
0.954991 18.992992
0.965383 18.990066
0.980161 19.040910
0.990689 19.095856
1.028386 19.051033
1.029145 19.094449
1.061977 19.233859
1.075604 19.068548
1.076658 19.166630
1.089569 19.136632
1.097402 19.182102
1.099413 19.186839
1.104395 19.239996
1.153330 19.244981
1.180577 19.259600
1.186162 19.209270
