0.024523 19.861079
0.041407 19.899311
0.054870 19.852778
0.089940 19.871223
0.139104 19.976138
0.201411 20.079665
0.213099 19.992250
0.306412 20.022277
0.336194 20.037233
0.336706 20.031175
0.411648 20.092841
0.465505 20.047391
0.486585 19.978970
0.488870 20.072839
0.489790 19.980932
0.562097 19.640478
0.571070 19.513219
0.640181 19.288659
0.641615 19.245819
0.668955 19.247444
0.670454 19.254726
0.742457 19.483388
0.781434 19.529871
0.791950 19.592568
0.911416 19.645025
0.939548 19.716352
0.988712 19.809977
1.024523 19.861079
1.041407 19.899311
1.054870 19.852778
1.089940 19.871223
1.139104 19.976138
