0.007949 19.340400
0.018533 19.331137
0.027756 19.331111
0.085401 19.297130
0.107196 19.263118
0.111093 19.409478
0.166191 19.294875
0.167865 19.392127
0.188546 19.341449
0.242432 19.427740
0.321925 19.433797
0.345596 19.467918
0.370095 19.470821
0.387938 19.425271
0.408588 19.386491
0.410729 19.418760
0.465653 19.132972
0.505649 19.092502
0.512770 19.080109
0.520068 19.049699
0.568798 18.953201
0.615612 18.880529
0.615915 19.034519
0.656319 19.056253
0.745234 19.103393
0.920676 19.201162
1.007949 19.340400
1.018533 19.331137
1.027756 19.331111
1.085401 19.297130
1.107196 19.263118
1.111093 19.409478
1.166191 19.294875
1.167865 19.392127
1.188546 19.341449
