0.001172 19.256710
0.018561 19.298068
0.038070 19.593503
0.149864 19.498957
0.169972 19.422921
0.225289 19.624232
0.257662 19.653331
0.292462 19.636722
0.301376 19.407531
0.330796 19.739562
0.368537 19.606953
0.385328 19.762876
0.387041 19.727189
0.389014 19.696577
0.537022 19.462299
0.625770 19.113918
0.643454 19.112766
0.644646 18.966570
0.668296 18.893399
0.668376 18.974929
0.738893 19.048000
0.799698 19.072969
0.844657 19.304801
0.906768 19.419854
1.001172 19.256710
1.018561 19.298068
1.038070 19.593503
1.149864 19.498957
1.169972 19.422921
