0.019459 19.173642
0.019581 19.074391
0.098511 19.233613
0.152845 19.299783
0.185854 19.303342
0.193060 19.332574
0.203188 19.336287
0.221963 19.377938
0.275091 19.309148
0.284394 19.449713
0.296807 19.438391
0.316974 19.503414
0.398412 19.451504
0.403448 19.352945
0.439313 19.421894
0.449528 19.441755
0.461061 19.467986
0.699273 18.668510
0.789383 18.588192
0.807079 18.656330
0.809782 18.676825
0.840502 18.729326
0.855204 18.790358
0.855326 18.786750
0.901678 18.898227
0.944506 19.005207
0.971397 19.051575
0.995611 19.071743
1.019459 19.173642
1.019581 19.074391
1.098511 19.233613
1.152845 19.299783
1.185854 19.303342
1.193060 19.332574
