0.031619 19.272960
0.033312 19.530117
0.057583 19.219228
0.103324 19.350862
0.109812 19.313820
0.171343 19.568157
0.177361 19.525697
0.251415 19.403690
0.281431 19.363832
0.283617 19.452208
0.305269 19.486050
0.315430 19.333398
0.366676 19.405964
0.366869 19.407353
0.389484 19.403328
0.390742 19.420466
0.480826 19.450311
0.635146 18.721892
0.649009 18.663776
0.683595 18.660357
0.787064 18.920139
0.828016 19.054860
0.893186 19.077761
0.919515 19.111572
0.964571 19.152286
0.965255 19.189800
0.971742 19.131821
1.031619 19.272960
1.033312 19.530117
1.057583 19.219228
1.103324 19.350862
1.109812 19.313820
1.171343 19.568157
1.177361 19.525697
