0.019500 19.436602
0.043773 19.491477
0.068483 19.506979
0.081549 19.530373
0.130240 19.457954
0.157551 19.516061
0.159448 19.576113
0.273527 19.619577
0.288629 19.602981
0.364312 19.685172
0.399623 19.762430
0.480340 19.788222
0.504461 19.705280
0.515649 19.658037
0.593288 18.853373
0.620487 18.734309
0.642618 18.840923
0.644684 18.885395
0.673626 18.941546
0.760029 19.072021
0.789654 19.137873
0.872710 19.284347
0.876089 19.264514
0.901080 19.325998
0.903473 19.639488
0.952457 19.370773
0.965521 19.432708
1.019500 19.436602
1.043773 19.491477
1.068483 19.506979
1.081549 19.530373
1.130240 19.457954
1.157551 19.516061
1.159448 19.576113
