0.058306 19.353646
0.080522 19.298683
0.085557 19.328450
0.129669 19.351747
0.132709 19.250661
0.145056 19.352749
0.170671 19.381617
0.175705 19.399559
0.249402 19.420760
0.292445 19.458024
0.363428 19.460943
0.391328 19.480118
0.457605 19.507517
0.507486 19.336595
0.573815 19.068912
0.574345 19.073713
0.675266 19.003442
0.690554 18.952520
0.718347 19.058426
0.741621 19.004114
0.835123 19.194085
0.874628 19.246172
0.926698 19.251643
0.979019 19.268533
1.058306 19.353646
1.080522 19.298683
1.085557 19.328450
1.129669 19.351747
1.132709 19.250661
1.145056 19.352749
1.170671 19.381617
1.175705 19.399559
