0.039451 19.826017
0.051569 19.734464
0.091532 19.947327
0.184464 19.913364
0.228671 19.961942
0.244736 19.972414
0.247412 19.960351
0.326058 20.094230
0.376725 20.155590
0.450035 20.132302
0.469747 20.203440
0.471070 19.897704
0.483532 19.982703
0.516240 19.763958
0.565882 19.310783
0.566323 19.193695
0.614761 19.414651
0.616272 19.525976
0.679747 19.501954
0.682148 19.348562
0.706397 19.516326
0.711337 19.513423
0.745540 19.533757
0.795208 19.588024
0.824773 19.632632
0.831788 19.633938
0.946521 19.733012
0.976745 19.804072
1.039451 19.826017
1.051569 19.734464
1.091532 19.947327
1.184464 19.913364
