0.012691 19.378333
0.041958 19.321558
0.043772 19.420910
0.044166 19.350094
0.046540 19.367822
0.067210 19.355811
0.087915 19.428057
0.099581 19.471460
0.123118 19.403286
0.220129 19.546406
0.221021 19.597654
0.340257 19.569088
0.343687 19.498014
0.493232 19.465008
0.680036 18.865064
0.820313 19.079043
0.837895 19.026286
0.888924 19.085815
0.933138 19.265789
0.934308 19.423195
0.964661 19.261014
0.973290 19.111626
1.012691 19.378333
1.041958 19.321558
1.043772 19.420910
1.044166 19.350094
1.046540 19.367822
1.067210 19.355811
1.087915 19.428057
1.099581 19.471460
1.123118 19.403286
