0.088004 19.475681
0.166530 19.451582
0.198185 19.510537
0.204708 19.491337
0.214227 19.502611
0.247670 19.480144
0.254407 19.480657
0.335743 19.520099
0.369187 19.521381
0.375969 19.518958
0.393475 19.479472
0.410832 19.553447
0.487426 19.576730
0.493030 19.623091
0.514991 19.470683
0.526285 19.381574
0.635632 18.967419
0.679561 19.006024
0.710052 19.103977
0.801077 19.153366
0.849563 19.201169
0.890331 19.220191
0.924878 19.259931
0.993014 19.351499
1.088004 19.475681
1.166530 19.451582
1.198185 19.510537
