0.059416 19.623168
0.082406 19.249401
0.085341 19.789355
0.116498 19.639374
0.121500 19.460039
0.143436 19.413313
0.218783 19.845337
0.276878 19.601989
0.294864 19.667811
0.359016 19.741165
0.434126 19.720317
0.452433 19.642301
0.463456 19.840789
0.492432 19.363465
0.581080 18.901029
0.646881 18.886057
0.651059 19.228484
0.707404 18.914290
0.729336 19.083380
0.735693 18.904982
0.780322 19.160152
0.847888 19.125055
0.948964 18.968317
0.981330 19.309585
1.059416 19.623168
1.082406 19.249401
1.085341 19.789355
1.116498 19.639374
1.121500 19.460039
1.143436 19.413313
