0.051379 19.405372
0.057668 19.385278
0.128798 19.476205
0.195721 19.549994
0.201927 19.553909
0.204894 19.535343
0.250774 19.546813
0.259586 19.527753
0.290943 19.544521
0.342081 19.580098
0.395061 19.594412
0.423815 19.540602
0.424526 19.533702
0.463783 19.613595
0.486425 19.651881
0.541223 19.558787
0.598078 18.897485
0.636812 18.560938
0.643890 18.606051
0.651410 18.664423
0.685565 18.699919
0.694021 18.674452
0.861702 19.157857
0.941526 19.315243
0.982168 19.342554
1.051379 19.405372
1.057668 19.385278
1.128798 19.476205
1.195721 19.549994
