0.045811 19.165127
0.167086 19.197578
0.260804 19.186827
0.261754 19.273431
0.267239 19.204629
0.279844 19.229759
0.298077 19.280549
0.339864 19.292689
0.340318 19.221209
0.395035 19.231903
0.417511 19.263905
0.424596 18.916831
0.440472 19.253007
0.452878 19.225971
0.471246 19.182702
0.513098 19.057184
0.532393 19.068756
0.558625 18.844772
0.568267 18.994642
0.590744 18.959290
0.597781 18.852503
0.627685 18.807588
0.705627 18.885060
0.721812 18.814343
0.730089 18.845596
0.746156 18.821094
0.919508 18.994017
0.931630 19.021640
0.962878 19.012437
1.045811 19.165127
1.167086 19.197578
