0.083424 19.594197
0.136047 19.532945
0.147971 19.565031
0.159895 19.565509
0.171820 19.609927
0.183744 19.633638
0.189741 19.660826
0.204497 19.574461
0.207593 19.675714
0.219518 19.543725
0.231443 19.678736
0.243368 19.720969
0.255293 19.703265
0.263853 19.635216
0.268465 19.608864
0.349146 19.570438
0.374284 19.620426
0.401446 19.578817
0.409977 19.641019
0.412691 19.628297
0.469485 19.807371
0.492910 19.655756
0.494539 19.684083
0.515655 19.686006
0.575765 19.449926
0.630085 18.669364
0.631757 18.689637
0.636690 18.618282
0.640802 18.687684
0.642009 18.635591
0.665857 18.632387
0.677782 18.716073
0.689706 18.739020
0.713555 18.790017
0.721917 18.845682
0.725480 18.834094
0.729807 18.862467
0.736701 18.909241
0.737405 18.874360
0.749330 18.930941
0.777908 19.076668
0.782896 18.986946
0.877496 19.250102
0.895483 19.270265
0.907408 19.230028
0.929278 19.305290
0.969740 19.430974
1.083424 19.594197
1.136047 19.532945
1.147971 19.565031
1.159895 19.565509
1.171820 19.609927
1.183744 19.633638
1.189741 19.660826
