0.003705 19.739680
0.012386 19.684523
0.017700 19.714052
0.025424 19.738535
0.028909 19.708868
0.030720 19.705034
0.039398 19.722198
0.044719 19.720277
0.052433 19.745595
0.057737 19.772151
0.061564 19.737055
0.066411 19.752046
0.079444 19.808273
0.084755 19.726646
0.087225 19.753391
0.093381 19.694733
0.106411 19.690816
0.111773 19.749193
0.115150 19.683553
0.120395 19.803759
0.128196 19.773187
0.133424 19.803301
0.142159 19.731401
0.147411 19.824265
0.160481 19.784471
0.169169 19.826545
0.174472 19.825356
0.182210 19.784292
0.196179 19.805733
0.201489 19.836256
0.209218 19.766486
0.216832 20.009302
0.223191 19.778611
0.228508 19.832287
0.236228 19.805467
0.241527 19.823599
0.250203 19.838757
0.263238 19.809311
0.268544 19.787076
0.277217 19.878170
0.288749 19.811671
0.290249 19.863602
0.295562 19.762187
0.304186 19.885450
0.317216 19.814596
0.322581 19.811307
0.325954 19.830509
0.331202 19.829398
0.333566 19.813156
0.338999 19.808345
0.344229 19.879454
0.352963 19.834280
0.358262 19.863851
0.366005 19.843108
0.371287 19.866516
0.379973 19.865361
0.380465 19.842200
0.385279 19.871634
0.392991 19.879826
0.398302 19.819319
0.405483 19.831730
0.406984 19.829936
0.425317 19.839316
0.434040 19.859425
0.439316 19.847783
0.447031 19.819054
0.452334 19.868163
0.454136 19.884070
0.461008 19.859603
0.474042 20.041832
0.476118 19.756059
0.488022 19.821182
0.501009 19.786527
0.506369 19.724437
0.514992 19.679042
0.522795 19.620937
0.528021 19.656549
0.533644 19.605357
0.536757 19.667413
0.537444 19.576191
0.542040 19.627800
0.549801 19.579379
0.563767 19.459425
0.569069 19.595614
0.570871 19.597675
0.576808 19.593489
0.582093 19.569094
0.584073 19.542522
0.589758 19.512404
0.590777 19.533681
0.603817 19.526043
0.609108 19.529306
0.617788 19.535618
0.623104 19.529625
0.630826 19.499144
0.636124 19.536122
0.644801 19.489309
0.650123 19.492017
0.657836 19.478306
0.663141 19.500846
0.671814 19.569075
0.684846 19.571360
0.690158 19.544906
0.698783 19.547062
0.706492 19.333527
0.711814 19.483983
0.717177 19.532176
0.720552 19.486858
0.722811 19.522609
0.725798 19.542127
0.733597 19.536361
0.738826 19.521489
0.747561 19.510135
0.752859 19.550353
0.753980 19.513260
0.760604 19.524252
0.765884 19.609676
0.765957 19.635461
0.774571 19.549567
0.779875 19.556696
0.787612 19.554424
0.792899 19.568196
0.801582 19.616132
0.805352 19.502649
0.806893 19.587532
0.814620 19.559009
0.819914 19.591263
0.828593 19.616381
0.833912 19.617953
0.841629 19.605438
0.842583 19.579747
0.846930 19.638369
0.855606 19.645606
0.856502 19.587130
0.868640 19.656252
0.882619 19.766436
0.882692 19.760956
0.895607 19.611097
0.900966 19.635978
0.909589 19.664019
0.912130 19.694764
0.917039 19.883894
0.917394 19.632278
0.922619 19.697544
0.928029 19.708422
0.931355 19.698310
0.936605 19.712096
0.944400 19.660667
0.949632 19.690336
0.958365 19.722880
0.959318 19.663811
0.963665 19.674894
0.970490 19.654364
0.971407 19.663605
0.976690 19.685405
0.985375 19.664902
0.998415 19.710227
1.003705 19.739680
1.012386 19.684523
1.017700 19.714052
1.025424 19.738535
1.028909 19.708868
1.030720 19.705034
1.039398 19.722198
1.044719 19.720277
1.052433 19.745595
1.057737 19.772151
1.061564 19.737055
1.066411 19.752046
1.079444 19.808273
1.084755 19.726646
1.087225 19.753391
1.093381 19.694733
1.106411 19.690816
1.111773 19.749193
1.115150 19.683553
1.120395 19.803759
1.128196 19.773187
1.133424 19.803301
1.142159 19.731401
1.147411 19.824265
1.160481 19.784471
1.169169 19.826545
1.174472 19.825356
1.182210 19.784292
1.196179 19.805733
