0.001244 19.340453
0.011850 19.359431
0.049936 19.381448
0.051230 19.226203
0.064524 19.420192
0.065754 19.349911
0.079128 19.423860
0.080414 19.429166
0.095030 19.420470
0.103165 19.473625
0.129102 19.429528
0.130396 19.412243
0.143693 19.431688
0.144922 19.479852
0.159585 19.453376
0.208269 19.469960
0.209623 19.520482
0.222802 19.512009
0.224090 19.503244
0.236763 19.558428
0.237532 19.488927
0.238756 19.530030
0.266448 19.539758
0.287436 19.550008
0.288729 19.547205
0.300029 19.626503
0.301971 19.577511
0.303320 19.582623
0.317927 19.542241
0.318645 19.505711
0.353318 19.573728
0.366604 19.552573
0.367896 19.607658
0.381141 19.545783
0.382489 19.612077
0.396613 19.472029
0.397099 19.513470
0.398537 19.501006
0.426073 19.594076
0.432483 19.589383
0.434596 19.589808
0.445772 19.577081
0.447063 19.545622
0.459656 19.580243
0.460372 19.623825
0.461659 19.581047
0.510353 19.533310
0.511648 19.511142
0.524970 19.364604
0.526170 19.181182
0.534931 19.296689
0.539543 19.274447
0.540829 19.233487
0.558104 18.945401
0.589519 18.938005
0.590197 18.999900
0.590813 18.950948
0.592057 18.819367
0.594223 18.823772
0.604109 18.837408
0.605338 18.888952
0.618714 18.779312
0.619999 18.773537
0.668685 18.915644
0.669979 18.928857
0.681954 18.732899
0.683243 18.872418
0.684506 18.912355
0.697885 18.844113
0.699170 18.844593
0.729945 18.763893
0.733584 18.782732
0.747852 18.967848
0.749145 18.984142
0.751682 19.158722
0.762386 19.009346
0.763735 19.072710
0.777057 19.006705
0.778341 19.006057
0.813735 18.987831
0.827020 19.047066
0.828312 19.067027
0.833275 18.840367
0.841556 19.162091
0.842905 19.134451
0.852225 19.097394
0.856229 19.094134
0.857513 19.140841
0.892900 19.140410
0.893149 19.190022
0.906188 19.219596
0.907479 19.211389
0.920787 19.322996
0.922074 19.248105
0.935402 19.245343
0.936685 19.257159
0.942698 19.286811
0.970770 19.304840
0.972065 19.302372
0.985356 19.342896
0.986647 19.142926
0.992780 19.274189
0.999957 19.398484
1.001244 19.340453
1.011850 19.359431
1.049936 19.381448
1.051230 19.226203
1.064524 19.420192
1.065754 19.349911
1.079128 19.423860
1.080414 19.429166
1.095030 19.420470
1.103165 19.473625
1.129102 19.429528
1.130396 19.412243
1.143693 19.431688
1.144922 19.479852
1.159585 19.453376
