0.017614 19.677928
0.042675 19.709443
0.045205 19.743014
0.046658 19.788770
0.066605 19.772350
0.070315 19.739155
0.072681 19.741721
0.083402 19.742596
0.089755 19.750967
0.097839 19.768241
0.125403 19.761338
0.127857 19.823636
0.138348 19.729506
0.140791 19.779804
0.165898 19.814640
0.168344 19.831716
0.193405 19.808031
0.221010 19.852505
0.223460 19.839226
0.243380 19.829823
0.248571 19.835866
0.251024 19.822004
0.258001 19.726046
0.278591 19.830368
0.289076 19.825507
0.290140 19.897966
0.291520 19.867817
0.319074 19.814382
0.338473 19.894253
0.344135 19.853652
0.346583 19.852065
0.371742 19.861179
0.374192 19.884707
0.383669 19.929696
0.401757 19.973599
0.412256 19.919378
0.414698 19.990697
0.423211 19.962091
0.429325 19.930386
0.439805 19.920355
0.442249 19.942041
0.443401 19.954846
0.483934 19.833054
0.494914 19.925024
0.497315 19.859603
0.505995 19.812734
0.522473 19.712597
0.524925 19.682883
0.542390 19.504301
0.550036 19.531116
0.565426 19.482850
0.590534 19.432166
0.592979 19.480934
0.609554 19.405477
0.618040 19.351078
0.620535 19.359109
0.627720 19.338809
0.631614 19.323658
0.645645 19.354407
0.673205 19.381985
0.675657 19.373011
0.686165 19.405980
0.700770 19.406381
0.703200 19.434765
0.713712 19.439763
0.716155 19.442987
0.741239 19.460078
0.743709 19.494166
0.753341 19.586176
0.768770 19.522294
0.771218 19.548387
0.796376 19.555748
0.798826 19.518593
0.815171 19.559151
0.823938 19.546202
0.826390 19.526919
0.836892 19.596340
0.853958 19.584518
0.864441 19.622761
0.866884 19.584375
0.891993 19.684699
0.894439 19.625769
0.919548 19.615982
0.921949 19.656971
0.947107 19.690254
0.949558 19.660419
0.974670 19.720567
0.977112 19.659188
0.986833 19.713459
0.987620 19.730203
0.990062 19.741690
1.017614 19.677928
1.042675 19.709443
1.045205 19.743014
1.046658 19.788770
1.066605 19.772350
1.070315 19.739155
1.072681 19.741721
1.083402 19.742596
1.089755 19.750967
1.097839 19.768241
1.125403 19.761338
1.127857 19.823636
1.138348 19.729506
1.140791 19.779804
1.165898 19.814640
1.168344 19.831716
1.193405 19.808031
