0.019136 19.212580
0.036465 19.251064
0.068298 19.229975
0.085637 19.240531
0.102944 19.298330
0.152141 19.322234
0.152155 19.231359
0.159684 19.265872
0.169438 19.104723
0.184030 19.317830
0.186737 19.319345
0.204038 19.144691
0.268783 19.316710
0.287739 19.330768
0.306702 19.360487
0.319708 19.357573
0.337009 19.397971
0.352576 19.352349
0.429517 19.325619
0.484535 19.240116
0.487281 19.254755
0.501861 19.198311
0.519159 19.140219
0.551067 19.072393
0.568360 19.061686
0.577728 19.055899
0.582963 19.055228
0.585622 19.053214
0.600251 19.047443
0.602952 19.018896
0.606492 18.984572
0.617542 19.196318
0.620251 18.970730
0.634804 19.020624
0.641541 19.048592
0.652131 18.985198
0.659236 19.000022
0.664242 18.972074
0.669430 18.996649
0.684044 19.030064
0.694646 18.982642
0.701335 18.995366
0.718628 19.037164
0.733229 19.050659
0.735892 19.049643
0.750518 19.045413
0.753223 19.042416
0.770523 19.025687
0.785105 19.060020
0.786743 19.079010
0.802402 19.008405
0.819701 19.088537
0.834311 19.097166
0.851603 19.074087
0.866207 19.127525
0.868866 19.124886
0.883495 19.132870
0.886195 19.116390
0.896218 19.100011
0.903494 19.153063
0.918047 19.149959
0.935375 19.155391
0.952673 19.166510
0.984579 19.184136
1.019136 19.212580
1.036465 19.251064
1.068298 19.229975
1.085637 19.240531
1.102944 19.298330
1.152141 19.322234
1.152155 19.231359
1.159684 19.265872
1.169438 19.104723
1.184030 19.317830
1.186737 19.319345
