0.021381 19.440553
0.053662 19.469235
0.060198 19.452748
0.070148 19.492674
0.094860 19.423670
0.105397 19.484534
0.108893 19.511873
0.117154 19.561595
0.124626 19.519688
0.131157 19.553536
0.147651 19.590183
0.163365 19.794407
0.179854 19.627904
0.195591 19.602982
0.202117 19.616915
0.218550 19.624971
0.225132 19.608431
0.234327 19.628192
0.249754 19.579538
0.250816 19.655078
0.251393 19.583704
0.263809 19.562229
0.266556 19.525372
0.266557 19.595768
0.273077 19.614067
0.273790 19.695304
0.275566 19.603331
0.283693 19.641440
0.289510 19.632247
0.305290 19.607652
0.321778 19.689637
0.360470 19.688779
0.376253 19.593071
0.383543 19.663936
0.408211 19.629131
0.414939 19.604210
0.419604 19.699763
0.425029 19.647758
0.431490 19.588497
0.432203 19.647311
0.446338 19.734657
0.463703 19.579375
0.476900 19.619934
0.485900 19.665345
0.490651 19.604593
0.506105 19.511201
0.518180 19.501087
0.524718 19.529883
0.534666 19.418343
0.556862 19.300525
0.573442 19.198458
0.589144 19.093594
0.595677 19.049483
0.605630 18.936344
0.627884 18.905024
0.635373 18.808048
0.644373 18.651610
0.649064 18.715145
0.660108 18.722142
0.665031 18.793984
0.666637 18.671864
0.683079 18.694461
0.698846 18.743103
0.715335 18.779999
0.731073 18.858072
0.737597 18.831272
0.754030 18.884722
0.769809 18.946738
0.786297 18.996956
0.808558 19.020687
0.815554 18.975571
0.822786 19.133733
0.824990 19.069791
0.840771 19.140918
0.857274 19.142473
0.895950 19.232249
0.906565 19.267222
0.911735 19.279030
0.928222 19.275237
0.936448 19.261376
0.950419 19.313936
0.966911 19.379085
0.981259 19.418378
0.982698 19.375307
0.996680 19.342331
0.999185 19.451843
1.021381 19.440553
1.053662 19.469235
1.060198 19.452748
1.070148 19.492674
1.094860 19.423670
1.105397 19.484534
1.108893 19.511873
1.117154 19.561595
1.124626 19.519688
1.131157 19.553536
1.147651 19.590183
1.163365 19.794407
1.179854 19.627904
1.195591 19.602982
