0.008307 19.163544
0.054739 19.229992
0.060405 19.197174
0.092603 19.275744
0.101082 19.277662
0.110791 19.263587
0.169054 19.314529
0.291841 19.301210
0.304755 19.340404
0.337758 19.321410
0.341652 19.342533
0.351080 19.293898
0.419749 19.356324
0.440456 19.347944
0.469496 19.432327
0.484594 19.334959
0.532864 19.347285
0.556415 18.929782
0.578575 18.952645
0.597200 18.831790
0.601204 18.878458
0.609755 18.794683
0.667628 18.583833
0.724995 18.752329
0.736904 18.749171
0.872605 18.964610
0.897042 19.082726
0.926894 19.136973
0.932561 19.078630
0.964771 19.169808
1.008307 19.163544
1.054739 19.229992
1.060405 19.197174
1.092603 19.275744
1.101082 19.277662
1.110791 19.263587
1.169054 19.314529
