0.019435 19.314658
0.025561 19.334932
0.028859 19.352866
0.077871 19.373283
0.089459 19.399449
0.100660 19.420075
0.104362 19.378419
0.107022 19.414648
0.159278 19.440459
0.161488 19.447501
0.188431 19.404025
0.225333 19.384201
0.240685 19.426874
0.253719 19.525336
0.269841 19.421593
0.322092 19.462082
0.324254 19.377158
0.350718 19.410503
0.365735 19.436747
0.374356 19.467367
0.376448 19.517360
0.376560 19.447130
0.405664 19.511126
0.455762 19.570519
0.457967 19.584463
0.484857 19.569280
0.486591 19.483544
0.487126 19.552953
0.499665 19.631824
0.501610 19.509515
0.537168 19.345891
0.566317 19.101300
0.618574 18.812356
0.620809 18.772140
0.625567 18.790115
0.635539 18.591379
0.647726 18.788931
0.660660 18.659016
0.660677 18.810815
0.699981 18.887725
0.702166 18.850371
0.705123 18.915814
0.722982 18.910166
0.729136 18.951396
0.754437 19.010082
0.780070 19.037135
0.781440 19.043791
0.783550 19.041110
0.810546 19.068927
0.829208 19.107650
0.835856 19.113215
0.858855 19.150184
0.864959 19.154481
0.869303 19.133557
0.883562 19.168950
0.892935 19.173611
0.915059 19.183581
0.917264 19.243158
0.946421 19.251606
0.965082 19.220826
0.984027 19.257708
0.996465 19.317534
0.998671 19.317035
1.019435 19.314658
1.025561 19.334932
1.028859 19.352866
1.077871 19.373283
1.089459 19.399449
1.100660 19.420075
1.104362 19.378419
1.107022 19.414648
1.159278 19.440459
1.161488 19.447501
1.188431 19.404025
