0.062846 19.384611
0.065581 19.356391
0.106628 19.393786
0.107882 19.362174
0.135082 19.471360
0.193197 19.507440
0.200059 19.348320
0.201545 19.433040
0.258370 19.472712
0.296605 19.523942
0.311084 19.464452
0.329162 19.470918
0.394245 19.651073
0.432517 19.514630
0.446387 19.550537
0.501274 19.499641
0.614825 18.709031
0.634591 18.713368
0.640951 18.818199
0.694706 18.760162
0.839680 19.001105
0.861870 19.099711
0.926932 19.229308
0.970717 19.187093
1.062846 19.384611
1.065581 19.356391
1.106628 19.393786
1.107882 19.362174
1.135082 19.471360
1.193197 19.507440
