0.009460 19.187940
0.032768 19.239307
0.109396 19.331668
0.161021 19.398652
0.177471 19.400064
0.235805 19.431982
0.258006 19.491112
0.275107 19.412117
0.280934 19.486931
0.366866 19.395852
0.442503 19.511038
0.493271 19.487282
0.498902 19.447201
0.507447 19.411277
0.507864 19.063647
0.570806 18.862495
0.630029 18.718284
0.642111 18.610929
0.667529 18.644429
0.860656 18.986710
0.935428 19.184301
0.947542 19.159101
0.967493 19.010159
1.009460 19.187940
1.032768 19.239307
1.109396 19.331668
1.161021 19.398652
1.177471 19.400064
