0.073605 19.638213
0.102884 19.640226
0.164869 19.702772
0.181657 19.654376
0.223861 19.714026
0.268269 19.581049
0.302609 19.658890
0.342046 19.739431
0.452004 19.821693
0.506354 19.798993
0.548706 19.375912
0.556165 19.406522
0.559566 19.385533
0.615379 19.132507
0.627259 19.080498
0.659944 19.144333
0.669704 19.120394
0.752616 19.310044
0.780896 19.321534
0.820246 19.319225
0.871587 19.385332
0.875443 19.422635
0.992796 19.575485
1.073605 19.638213
1.102884 19.640226
1.164869 19.702772
1.181657 19.654376
