0.009933 19.375900
0.049068 19.503191
0.058160 19.355092
0.059142 19.416697
0.083028 19.499708
0.097314 19.499752
0.122114 19.521928
0.131259 19.472066
0.156124 19.522026
0.170415 19.546883
0.183514 19.600154
0.195212 19.567161
0.204358 19.515158
0.220133 19.529693
0.229221 19.631005
0.268363 19.570828
0.277458 19.573695
0.293229 19.594429
0.299527 19.562730
0.327196 19.611774
0.341463 19.537626
0.349632 19.646234
0.366325 19.496895
0.369701 19.509769
0.375363 19.570130
0.400291 19.555444
0.414562 19.525359
0.436631 19.583068
0.437731 19.509452
0.439422 19.611235
0.448513 19.629979
0.487663 19.615974
0.504870 19.644273
0.506806 19.661063
0.511270 19.684168
0.512519 19.674025
0.512815 19.714083
0.521611 19.623570
0.535677 19.551268
0.546481 19.520775
0.557999 19.373984
0.562291 19.326435
0.574834 19.107794
0.585617 18.847291
0.594710 18.881805
0.609121 18.786478
0.612123 18.733458
0.619576 18.737919
0.633865 18.728842
0.641974 18.649624
0.648425 18.702814
0.649920 18.762864
0.658663 18.760403
0.667809 18.780456
0.683585 18.764385
0.692672 18.837655
0.695103 18.840301
0.731762 18.918639
0.740908 18.958581
0.756681 19.017168
0.765717 19.012216
0.804913 19.089195
0.814008 19.120873
0.829777 19.138789
0.838814 19.188330
0.863327 19.149557
0.863744 19.187996
0.878012 19.228208
0.902874 19.036501
0.911964 19.270581
0.924841 19.258979
0.936838 19.294595
0.950654 19.267007
0.951112 19.291989
0.975971 19.365906
0.985062 19.374832
1.009933 19.375900
1.049068 19.503191
1.058160 19.355092
1.059142 19.416697
1.083028 19.499708
1.097314 19.499752
1.122114 19.521928
1.131259 19.472066
1.156124 19.522026
1.170415 19.546883
1.183514 19.600154
1.195212 19.567161
