0.007562 19.361847
0.011711 19.370584
0.025624 19.341437
0.041769 19.427776
0.059833 19.421886
0.075976 19.485217
0.110183 19.530770
0.129913 19.481407
0.137974 19.485998
0.144392 19.539159
0.162112 19.499959
0.164686 19.515687
0.196676 19.565362
0.225934 19.585765
0.281230 19.642212
0.282887 19.524844
0.292963 19.547023
0.355464 19.532049
0.361961 19.545959
0.378911 19.550020
0.440103 19.529977
0.474311 19.587192
0.490459 19.623794
0.558651 19.367131
0.576938 19.253945
0.579233 19.158900
0.593080 18.850208
0.603111 18.811208
0.611090 18.591707
0.627288 18.465373
0.645301 18.449168
0.661438 18.506041
0.679570 18.692990
0.691605 18.664470
0.695647 18.665805
0.695768 18.665201
0.729915 18.791074
0.732207 18.853507
0.747529 18.801868
0.747994 18.841029
0.756086 18.817936
0.764125 18.907219
0.782207 18.901036
0.798336 18.953127
0.816420 19.002724
0.832547 19.063936
0.843337 19.082578
0.850634 19.091358
0.866759 19.092444
0.900971 19.147716
0.922999 19.211253
0.955871 19.248737
0.957207 19.278443
0.973356 19.301012
0.984998 19.346655
0.989808 19.273333
0.991415 19.177600
1.007562 19.361847
1.011711 19.370584
1.025624 19.341437
1.041769 19.427776
1.059833 19.421886
1.075976 19.485217
1.110183 19.530770
1.129913 19.481407
1.137974 19.485998
1.144392 19.539159
1.162112 19.499959
1.164686 19.515687
1.196676 19.565362
