0.001093 19.438189
0.034901 19.429588
0.040699 19.486807
0.045020 19.482901
0.048632 19.458028
0.067304 19.506692
0.068667 19.536035
0.076591 19.476600
0.080478 19.482183
0.081403 19.512178
0.090072 19.695591
0.101065 19.509332
0.153877 19.569610
0.155145 19.563964
0.168596 19.598278
0.187635 19.548756
0.196596 19.546934
0.196920 19.514471
0.201686 19.374989
0.221396 19.626509
0.253801 19.569608
0.255160 19.559346
0.287560 19.565023
0.288041 19.521204
0.316928 19.575115
0.321277 19.588638
0.355089 19.632993
0.355515 19.579808
0.374131 19.661927
0.388858 19.701759
0.407846 19.650938
0.440298 19.686404
0.441654 19.658359
0.474056 19.685186
0.475420 19.644211
0.507772 19.571830
0.541582 19.291436
0.560628 19.238123
0.575350 19.208290
0.594387 19.150282
0.610172 19.073562
0.628149 19.104177
0.660552 19.111101
0.661913 19.096707
0.694313 19.166835
0.717885 19.169151
0.725392 19.189566
0.742830 19.197399
0.747276 19.197402
0.754329 19.220749
0.761842 19.237575
0.780883 19.290073
0.792767 19.267904
0.814598 19.297131
0.838248 19.283872
0.848344 19.303289
0.848407 19.362523
0.863389 19.298127
0.880808 19.354658
0.882174 19.361095
0.914524 19.391517
0.928302 19.359311
0.933624 19.396424
0.948336 19.431124
0.967369 19.428935
0.968673 19.425750
0.982070 19.447429
1.001093 19.438189
1.034901 19.429588
1.040699 19.486807
1.045020 19.482901
1.048632 19.458028
1.067304 19.506692
1.068667 19.536035
1.076591 19.476600
1.080478 19.482183
1.081403 19.512178
1.090072 19.695591
1.101065 19.509332
1.153877 19.569610
1.155145 19.563964
1.168596 19.598278
1.187635 19.548756
1.196596 19.546934
1.196920 19.514471
