0.027323 19.275675
0.043269 19.272048
0.057843 19.289122
0.063911 19.343658
0.073729 19.323031
0.099972 19.296203
0.104018 19.320197
0.119910 19.350289
0.123699 19.301499
0.150469 19.330201
0.166411 19.372479
0.186782 19.334515
0.192034 19.513884
0.196647 19.398888
0.212595 19.391241
0.222840 19.344672
0.227164 19.368245
0.243099 19.367900
0.246521 19.383961
0.273340 19.359545
0.289281 19.376975
0.319744 19.349058
0.335736 19.407408
0.365924 19.423365
0.381921 19.428370
0.396486 19.453696
0.412424 19.469997
0.425143 19.466831
0.442662 19.478471
0.458606 19.486640
0.473183 19.490828
0.489067 19.512958
0.505062 19.455482
0.509506 19.326579
0.519357 19.297868
0.535248 19.221944
0.551248 19.074884
0.565807 19.048502
0.572460 18.971816
0.576562 18.969990
0.581748 19.000858
0.610631 18.846835
0.611985 18.886393
0.627932 18.822343
0.640954 18.787680
0.642504 18.810154
0.658438 18.880156
0.688679 18.953434
0.695328 18.902888
0.696988 18.872486
0.703825 18.879829
0.704595 18.925741
0.713422 18.925309
0.735130 19.025646
0.750078 18.968629
0.751073 19.006996
0.781308 19.082730
0.797258 19.064706
0.811825 19.081615
0.836293 19.087169
0.858024 19.079052
0.869026 19.042872
0.872994 19.128520
0.873944 19.143349
0.888523 19.127004
0.897392 19.121295
0.904406 19.167919
0.920399 19.176345
0.934696 19.192792
0.950586 19.204988
0.966585 19.226265
0.981146 19.236792
0.997086 19.260990
1.027323 19.275675
1.043269 19.272048
1.057843 19.289122
1.063911 19.343658
1.073729 19.323031
1.099972 19.296203
1.104018 19.320197
1.119910 19.350289
1.123699 19.301499
1.150469 19.330201
1.166411 19.372479
1.186782 19.334515
1.192034 19.513884
1.196647 19.398888
