0.026907 19.339652
0.041932 19.384896
0.061927 19.360021
0.063550 19.515746
0.114306 19.357958
0.129328 19.396491
0.144306 19.242155
0.159343 19.410389
0.174404 19.422933
0.179371 19.416270
0.189433 19.441135
0.202825 19.402264
0.217892 19.471551
0.218242 19.481870
0.232916 19.447280
0.247954 19.434576
0.257557 19.412694
0.320315 19.441935
0.335286 19.434708
0.350361 19.438365
0.352040 19.443117
0.365387 19.465725
0.371726 19.466314
0.375002 19.479300
0.380415 19.477176
0.404673 19.470891
0.459833 19.537675
0.466112 19.485241
0.469484 19.402118
0.511302 19.385662
0.526387 19.351681
0.541346 19.262097
0.545757 19.206623
0.556371 19.243457
0.558600 19.213113
0.571398 19.178154
0.577320 19.153284
0.583556 19.171445
0.586427 19.210834
0.614888 19.141043
0.629911 19.136227
0.644937 19.084158
0.676044 18.922665
0.691694 19.061580
0.717310 19.104124
0.722065 19.197100
0.732287 19.145370
0.747356 19.135788
0.762381 19.166821
0.777409 19.152912
0.790854 19.219175
0.805830 19.192482
0.817924 19.191732
0.835922 19.204334
0.839508 19.229997
0.850948 19.225657
0.908298 19.244581
0.923319 19.319990
0.938297 19.320039
0.946106 19.381397
0.953366 19.323542
0.968392 19.309052
0.983421 19.329196
0.996817 19.326517
1.026907 19.339652
1.041932 19.384896
1.061927 19.360021
1.063550 19.515746
1.114306 19.357958
1.129328 19.396491
1.144306 19.242155
1.159343 19.410389
1.174404 19.422933
1.179371 19.416270
1.189433 19.441135
