0.090612 17.591321
0.121289 17.651486
0.124475 17.601641
0.231401 17.678828
0.249256 17.699045
0.262644 17.686252
0.296145 17.681262
0.343276 17.677879
0.348523 17.688585
0.357299 17.658720
0.361963 17.685135
0.371227 17.695731
0.437448 17.750797
0.461383 17.725289
0.462919 17.744060
0.484577 17.753513
0.492874 17.746210
0.602684 16.883564
0.625080 16.726696
0.631735 16.811698
0.656519 16.929445
0.769027 17.080926
0.773086 17.178257
0.829204 17.296044
0.910324 17.340431
0.912921 17.392285
0.943949 17.403986
0.949311 17.396851
0.983173 17.461209
0.994741 17.468794
1.090612 17.591321
1.121289 17.651486
1.124475 17.601641
