0.013409 14.975962
0.023179 14.981064
0.053234 14.995952
0.091011 15.008774
0.094328 15.011169
0.113634 15.017329
0.147696 15.030411
0.197935 15.042190
0.201210 15.037821
0.230058 15.048683
0.259619 15.054501
0.282238 15.061923
0.324893 15.070624
0.363100 15.080656
0.366544 15.081592
0.434034 15.060424
0.452445 15.036047
0.470019 15.016156
0.475067 15.007188
0.536708 14.923926
0.540959 14.914285
0.542030 14.921113
0.559328 14.902650
0.643673 14.846051
0.673375 14.836031
0.685593 14.835429
0.758901 14.853839
0.813879 14.866837
0.830873 14.898311
0.836470 14.898096
0.852762 14.908915
0.893195 14.920515
0.898184 14.935241
0.920763 14.945777
0.926420 14.936016
0.951789 14.946738
0.975556 14.960253
1.013409 14.975962
1.023179 14.981064
1.053234 14.995952
1.091011 15.008774
1.094328 15.011169
1.113634 15.017329
1.147696 15.030411
1.197935 15.042190
