0.000147 19.670632
0.001463 19.526523
0.043767 19.749331
0.068467 19.727939
0.081931 19.793998
0.084979 19.808355
0.169000 19.799457
0.182240 19.730013
0.285870 19.811598
0.304454 19.835519
0.311121 19.791658
0.319711 19.808968
0.327226 19.894721
0.403752 19.850306
0.433344 19.871663
0.476330 19.965405
0.543828 19.518838
0.574123 19.468486
0.634004 19.152551
0.672718 19.225535
0.674042 19.191020
0.688755 19.218338
0.694690 19.233523
0.702954 19.258702
0.775145 19.395786
0.914880 19.593652
0.939636 19.595480
1.000147 19.670632
1.001463 19.526523
1.043767 19.749331
1.068467 19.727939
1.081931 19.793998
1.084979 19.808355
1.169000 19.799457
1.182240 19.730013
