0.064665 20.230691
0.121949 20.250170
0.136668 20.192792
0.177391 20.231583
0.223261 20.233973
0.234647 20.304748
0.295374 20.222411
0.358540 20.319430
0.360581 20.322239
0.393296 20.345712
0.480473 20.400109
0.519237 20.166484
0.524740 20.244650
0.584536 19.561597
0.631967 19.521082
0.672243 19.595101
0.695181 19.441782
0.714143 19.664436
0.739591 19.591468
0.743181 19.612314
0.754397 19.718866
0.790611 19.879285
0.807086 19.778464
0.839032 19.843064
0.872801 19.910753
0.878745 19.907006
0.898239 19.890363
0.902364 19.895788
0.913041 20.000345
1.064665 20.230691
1.121949 20.250170
1.136668 20.192792
1.177391 20.231583
