0.040485 20.130746
0.126020 20.018089
0.133878 20.186817
0.167367 20.005101
0.167493 20.109976
0.190651 20.246631
0.195631 20.046286
0.197122 20.296413
0.211021 20.241636
0.218765 20.259540
0.270578 20.230489
0.293646 20.057171
0.350404 20.264710
0.370840 20.246941
0.378579 20.338528
0.408915 20.332583
0.441213 19.930190
0.453467 20.105251
0.514298 20.363487
0.527075 20.202691
0.595880 19.519610
0.601022 19.303273
0.622482 19.347865
0.718607 19.541959
0.755689 19.651213
0.782234 19.652977
0.808838 19.793530
0.880670 19.861806
0.968586 20.008478
1.040485 20.130746
1.126020 20.018089
1.133878 20.186817
1.167367 20.005101
1.167493 20.109976
1.190651 20.246631
1.195631 20.046286
1.197122 20.296413
