0.048966 19.796490
0.110096 19.941096
0.147491 19.911480
0.181099 19.922800
0.226836 19.951976
0.243332 19.872056
0.258035 19.910643
0.268465 19.681280
0.280225 19.978849
0.307867 19.911934
0.353605 19.966743
0.380199 19.857807
0.395226 19.898461
0.403152 19.938678
0.407039 19.934826
0.482481 20.033715
0.506962 20.074553
0.587361 19.521291
0.676512 19.280724
0.676848 19.267253
0.747238 19.401360
0.771395 19.474999
0.803282 19.555512
0.852400 19.687634
0.983428 19.743877
0.992779 19.700130
1.048966 19.796490
1.110096 19.941096
1.147491 19.911480
1.181099 19.922800
