0.008216 19.447269
0.033836 19.434688
0.068369 19.457073
0.133325 19.381373
0.164981 19.463959
0.213552 19.508505
0.217208 19.500675
0.245027 19.555061
0.272602 19.490574
0.285989 19.587024
0.287329 19.552145
0.302879 19.527876
0.366033 19.570409
0.407742 19.590888
0.423606 19.551533
0.439834 19.507624
0.503654 19.360082
0.515373 19.321104
0.531061 19.360938
0.580183 19.220521
0.611142 19.256448
0.614021 19.266122
0.660264 19.259186
0.701229 19.242552
0.713450 19.237918
0.781280 19.331898
0.914955 19.320470
0.953788 19.385777
0.957132 19.390934
1.008216 19.447269
1.033836 19.434688
1.068369 19.457073
1.133325 19.381373
1.164981 19.463959
