0.051490 19.940530
0.051996 19.956482
0.067423 19.989790
0.144332 19.995699
0.178590 20.017034
0.270977 20.067938
0.284986 20.205657
0.299691 20.131848
0.327565 20.009471
0.368883 20.116413
0.454167 20.116251
0.488748 20.122684
0.504607 20.105843
0.510455 20.081941
0.520615 20.036837
0.615390 19.372384
0.631252 19.405325
0.660605 19.497744
0.680050 19.391274
0.709743 19.544047
0.728332 19.468347
0.770229 19.618574
0.829102 19.706746
0.836383 19.725960
0.848584 19.737805
0.854979 19.682016
0.879452 19.810754
0.896919 19.825719
0.943710 19.863875
0.955744 19.841637
1.051490 19.940530
1.051996 19.956482
1.067423 19.989790
1.144332 19.995699
1.178590 20.017034
