0.005893 19.760812
0.049303 19.883800
0.158601 19.920801
0.165488 20.010755
0.243362 20.096877
0.249389 20.162984
0.307783 20.027791
0.312793 20.057772
0.343585 19.977949
0.350792 20.056075
0.390720 20.067093
0.455147 20.021539
0.490890 20.086105
0.498102 19.960446
0.498185 20.038247
0.547621 20.008874
0.559158 19.678134
0.616889 19.122514
0.658898 19.041944
0.663614 19.003105
0.706510 19.234591
0.713178 19.030977
0.748814 19.280718
0.764254 19.394290
0.792663 19.315994
0.793265 19.309935
0.806250 19.380283
0.896180 19.692512
0.898374 19.687412
0.902006 19.695511
0.920427 19.696724
0.987375 19.760468
1.005893 19.760812
1.049303 19.883800
1.158601 19.920801
1.165488 20.010755
