0.004133 19.949781
0.006998 19.972685
0.084476 20.078887
0.109721 20.080456
0.123485 20.031033
0.249312 20.135994
0.264908 20.070411
0.324208 20.100345
0.324587 20.174792
0.404507 20.089607
0.464186 20.274137
0.498015 20.078685
0.585853 19.758895
0.588654 19.662039
0.674732 19.473360
0.706374 19.604641
0.710757 19.631607
0.723230 19.617211
0.725450 19.610689
0.728295 19.591844
0.738876 19.684737
0.782301 19.693833
0.823232 19.702397
0.845809 19.731440
0.850357 19.792351
0.864545 19.802264
0.878466 19.786328
0.921890 19.840866
0.944882 19.916318
0.958561 19.914720
0.962821 19.973448
0.983918 19.960972
1.004133 19.949781
1.006998 19.972685
1.084476 20.078887
1.109721 20.080456
1.123485 20.031033
