0.033268 19.632990
0.081018 19.475889
0.129861 19.732920
0.152889 19.652461
0.181296 19.732436
0.203584 19.526356
0.217832 19.626225
0.250594 19.853110
0.296898 19.629052
0.300834 19.678893
0.326672 19.628359
0.337499 19.633332
0.368118 19.693300
0.370578 19.690013
0.489217 19.777608
0.493978 19.726177
0.608832 19.325194
0.611392 19.174746
0.646696 19.210311
0.675984 19.316165
0.766309 19.497704
0.787326 19.388319
0.796299 19.310107
0.852880 19.495856
0.855506 19.461566
0.867147 19.381134
0.906992 19.479258
0.918866 19.471076
1.033268 19.632990
1.081018 19.475889
1.129861 19.732920
1.152889 19.652461
1.181296 19.732436
