0.014041 19.565672
0.115822 19.665005
0.133459 19.720551
0.209679 19.703574
0.213341 19.714987
0.231763 19.723151
0.268085 19.709930
0.329285 19.739273
0.338991 19.660555
0.382056 19.705306
0.384079 19.687632
0.405648 19.708817
0.449502 19.758216
0.454942 19.623722
0.551882 19.750052
0.561486 19.420674
0.565444 19.447690
0.651634 19.277469
0.658418 19.529997
0.669965 19.376810
0.675729 19.233270
0.677384 19.375230
0.767552 19.341552
0.785906 19.353521
0.791662 19.473129
0.825996 19.419604
0.861470 19.447507
0.898092 19.512278
0.937358 19.470525
0.977413 19.565474
1.014041 19.565672
1.115822 19.665005
1.133459 19.720551
