0.123797 19.855691
0.135004 19.928447
0.148936 19.862501
0.172300 19.912482
0.223960 19.879145
0.262701 19.886086
0.319687 19.850628
0.351603 19.892014
0.403301 19.993099
0.409415 19.905781
0.435495 19.742535
0.448277 19.521551
0.452771 19.471110
0.455256 19.411663
0.487113 19.256098
0.530955 19.166772
0.534750 19.158827
0.563145 19.181817
0.639221 19.389172
0.670238 19.458360
0.744227 19.393549
0.746741 19.509521
0.787453 19.483483
0.855131 19.684689
0.871879 19.737991
0.877978 19.702276
0.915101 19.735366
0.949580 19.544291
1.123797 19.855691
1.135004 19.928447
1.148936 19.862501
1.172300 19.912482
