0.056770 15.430676
0.122735 15.471261
0.127882 15.476624
0.172528 15.492934
0.214995 15.502703
0.285080 15.516404
0.391834 15.546766
0.426538 15.594972
0.465850 15.609527
0.492510 15.616076
0.498855 15.631919
0.500640 15.626959
0.526106 15.524851
0.526447 15.520500
0.554871 15.186722
0.557379 15.186390
0.579995 15.084237
0.587134 15.041769
0.623347 14.869701
0.629639 14.834886
0.656916 14.869843
0.717967 14.999120
0.744585 15.048060
0.746724 15.049221
0.749170 15.057506
0.875417 15.231806
0.880012 15.233533
0.895095 15.251454
0.997044 15.371094
1.056770 15.430676
1.122735 15.471261
1.127882 15.476624
1.172528 15.492934
