0.010244 17.725006
0.032990 17.767269
0.033422 17.786463
0.074014 17.814500
0.088636 17.819328
0.123726 17.852060
0.175227 17.879794
0.186036 17.882678
0.207783 17.880418
0.227335 17.879905
0.294538 17.916451
0.393536 17.924925
0.462291 18.019562
0.462498 18.042226
0.487864 18.026195
0.530831 17.800798
0.535835 17.745656
0.664493 17.109012
0.671728 17.142257
0.672775 17.154940
0.673071 17.220729
0.723962 17.267745
0.869210 17.533848
0.886946 17.575021
0.891186 17.584613
0.979866 17.712256
1.010244 17.725006
1.032990 17.767269
1.033422 17.786463
1.074014 17.814500
1.088636 17.819328
1.123726 17.852060
1.175227 17.879794
1.186036 17.882678
