0.010886 20.117401
0.019342 20.261106
0.029839 19.791410
0.064739 20.172083
0.191483 20.136829
0.205313 20.356429
0.259292 20.365255
0.346564 20.436699
0.377284 20.336023
0.471316 20.201499
0.473301 20.284525
0.504067 20.227733
0.506985 20.039430
0.560924 19.501342
0.568876 19.786013
0.618054 19.566529
0.618606 19.700384
0.627420 19.751739
0.638806 19.345512
0.695620 19.821191
0.724987 19.475982
0.728155 19.845337
0.765544 19.703132
0.836987 20.001329
0.851734 19.962435
0.872135 20.007705
0.880581 19.887030
0.892555 19.967055
0.998826 20.104989
1.010886 20.117401
1.019342 20.261106
1.029839 19.791410
1.064739 20.172083
1.191483 20.136829
