0.037762 16.474146
0.039393 16.480140
0.045078 16.502035
0.045368 16.523055
0.048658 16.507147
0.155243 16.615108
0.160931 16.518232
0.164553 16.585899
0.195475 16.549913
0.195532 16.533651
0.220947 16.681821
0.254527 16.562438
0.283853 16.711540
0.288111 16.690717
0.370381 16.720312
0.399769 16.713764
0.429379 16.746538
0.441805 16.633379
0.455405 16.589790
0.458740 16.850922
0.461070 16.787864
0.471274 16.552906
0.471295 16.690151
0.476558 16.838309
0.506180 16.559356
0.571294 15.967704
0.574724 16.187707
0.576916 16.428786
0.581203 15.985915
0.587148 15.943154
0.592405 16.160209
0.593478 15.935536
0.614154 15.998776
0.646100 16.013655
0.657067 15.926307
0.709331 16.123331
0.730003 16.214350
0.761998 16.201061
0.764123 15.764449
0.772918 16.067693
0.800542 16.170841
0.803894 16.223003
0.820998 16.255983
0.862911 16.295792
0.879976 16.269391
0.945201 16.370669
0.978720 16.445494
1.037762 16.474146
1.039393 16.480140
1.045078 16.502035
1.045368 16.523055
1.048658 16.507147
1.155243 16.615108
1.160931 16.518232
1.164553 16.585899
1.195475 16.549913
1.195532 16.533651
