0.044409 19.328413
0.170665 19.442900
0.172332 19.430038
0.223574 19.448159
0.233554 19.446417
0.237052 19.540403
0.272677 19.503433
0.331089 19.503053
0.339098 19.486785
0.363283 19.444649
0.457365 19.534740
0.465329 19.580879
0.470008 19.560995
0.613081 18.726477
0.664642 18.697745
0.725040 18.806499
0.770473 18.922338
0.859913 19.110663
0.872391 19.118777
0.888387 19.091261
0.981567 19.236690
0.986143 19.281681
0.989540 19.295475
0.998668 19.289183
1.044409 19.328413
1.170665 19.442900
1.172332 19.430038
