0.019755 14.391979
0.055699 14.414441
0.108709 14.452034
0.124154 14.459086
0.129061 14.462323
0.130426 14.467646
0.134188 14.466062
0.156067 14.478329
0.188623 14.482731
0.204049 14.489059
0.208478 14.491447
0.231375 14.488376
0.231867 14.493905
0.233508 14.487508
0.242280 14.492501
0.243491 14.492628
0.297937 14.513102
0.313311 14.522870
0.317786 14.525982
0.340684 14.545036
0.341149 14.553133
0.368585 14.571652
0.390576 14.608818
0.459161 14.589662
0.568469 14.143286
0.641545 14.043814
0.643990 14.059828
0.783638 14.201692
0.795516 14.209583
0.861876 14.268040
0.893004 14.304406
0.904183 14.313010
0.948806 14.335281
0.955277 14.342437
0.971187 14.354193
1.019755 14.391979
1.055699 14.414441
1.108709 14.452034
1.124154 14.459086
1.129061 14.462323
1.130426 14.467646
1.134188 14.466062
1.156067 14.478329
1.188623 14.482731
