0.027257 18.306219
0.109507 18.404570
0.128508 18.415890
0.152951 18.436246
0.159967 18.428360
0.182803 18.429384
0.188466 18.452742
0.257624 18.473190
0.281723 18.410471
0.287040 18.456844
0.288782 18.472036
0.311662 18.469001
0.320927 18.475068
0.359919 18.463030
0.386443 18.425914
0.408459 18.437472
0.415863 18.447129
0.416085 18.453972
0.449754 18.509606
0.488733 18.562176
0.511327 18.574306
0.515548 18.536474
0.518019 18.520478
0.537269 18.387338
0.544955 18.360634
0.556538 18.176545
0.640141 17.600058
0.646789 17.621107
0.685698 17.629289
0.693068 17.735093
0.737384 17.863075
0.738544 17.844587
0.762056 17.915506
0.792615 17.964159
0.800883 17.974689
0.821886 18.046238
0.822177 18.026406
0.863182 18.088799
0.866277 18.055946
0.867368 18.068220
0.876261 18.107686
0.890854 18.137960
0.898447 18.137747
0.921431 18.159673
0.950948 18.190026
0.953469 18.218548
0.968851 18.225716
0.980407 18.243485
0.980687 18.243984
1.027257 18.306219
1.109507 18.404570
1.128508 18.415890
1.152951 18.436246
1.159967 18.428360
1.182803 18.429384
1.188466 18.452742
