0.006840 19.220157
0.079822 19.316781
0.103588 19.203627
0.107089 19.287352
0.115020 19.182645
0.163157 19.274212
0.222164 19.044218
0.225674 19.293030
0.253072 19.255833
0.254054 19.110137
0.257362 19.267314
0.361517 19.258643
0.442400 19.191886
0.447129 19.251518
0.496683 18.896609
0.503855 19.243187
0.560548 19.258474
0.560981 19.282941
0.576154 18.538613
0.582221 18.947423
0.639019 18.806965
0.646056 18.555495
0.718490 18.583740
0.721057 18.783458
0.752597 18.629835
0.773595 18.638352
0.788399 18.592975
0.864503 19.230774
0.894942 18.773814
0.895853 18.780078
0.915937 18.603645
0.920996 19.148487
0.962873 19.222726
1.006840 19.220157
1.079822 19.316781
1.103588 19.203627
1.107089 19.287352
1.115020 19.182645
1.163157 19.274212
