0.020321 15.702408
0.031131 15.701336
0.033495 15.708676
0.046553 15.726638
0.071509 15.747416
0.119633 15.770478
0.143384 15.749812
0.246122 15.820609
0.246231 15.795149
0.250055 15.815769
0.258887 15.876599
0.324846 15.814269
0.334566 15.794848
0.347607 15.818812
0.358716 15.839342
0.372716 15.827801
0.383188 15.871820
0.415111 15.882557
0.425083 15.914660
0.433046 15.898575
0.451280 15.933649
0.459525 15.936210
0.477100 15.932369
0.485196 15.910875
0.551560 15.480643
0.559532 15.458820
0.559964 15.474351
0.576916 15.360067
0.577637 15.358679
0.591758 15.283399
0.603590 15.294908
0.649577 15.241972
0.673753 15.310235
0.682852 15.315981
0.716194 15.367802
0.718237 15.361953
0.719293 15.369548
0.770422 15.432253
0.809292 15.495287
0.864456 15.551596
0.878641 15.564399
0.904668 15.582831
0.945164 15.635391
0.987537 15.672408
1.020321 15.702408
1.031131 15.701336
1.033495 15.708676
1.046553 15.726638
1.071509 15.747416
1.119633 15.770478
1.143384 15.749812
