0.012944 15.834617
0.090999 15.956209
0.093882 15.955295
0.100309 15.955018
0.102397 15.945299
0.128873 15.987724
0.133894 16.005374
0.173957 16.042132
0.244281 16.079332
0.245443 16.055025
0.252804 16.073488
0.272556 16.062183
0.284352 16.077232
0.286419 16.069505
0.289432 16.060369
0.306338 16.057694
0.347902 16.042487
0.351930 16.063029
0.390344 16.049027
0.422969 16.033077
0.434750 16.031112
0.439845 16.040926
0.465463 16.044566
0.502336 16.118204
0.615870 15.149938
0.672913 15.053149
0.689702 15.131281
0.705910 15.206454
0.720486 15.248136
0.732999 15.305466
0.775875 15.414802
0.780993 15.440732
0.785965 15.400085
0.788248 15.476869
0.797870 15.493386
0.840105 15.556911
0.862535 15.590849
0.870886 15.614941
0.887427 15.651383
0.914531 15.714459
0.928392 15.710210
0.931349 15.720963
0.938647 15.754184
0.948284 15.754356
0.949898 15.751409
1.012944 15.834617
1.090999 15.956209
1.093882 15.955295
1.100309 15.955018
1.102397 15.945299
1.128873 15.987724
1.133894 16.005374
1.173957 16.042132
