0.004127 19.577684
0.006801 19.545878
0.008392 19.570528
0.031989 19.588396
0.084304 19.627931
0.099318 19.737810
0.100854 19.715870
0.101943 19.705176
0.105098 19.619132
0.127097 19.713680
0.129658 19.730233
0.129783 19.764710
0.154936 19.656751
0.168294 19.739347
0.199226 19.712018
0.209915 19.723267
0.221830 19.696592
0.226470 19.712086
0.250122 19.817348
0.252754 19.681296
0.255212 19.713125
0.277909 19.759733
0.280593 19.739050
0.293903 19.842480
0.305789 19.793267
0.324878 19.751164
0.375731 19.715897
0.395915 19.780726
0.400929 19.832438
0.403566 19.720070
0.423031 19.735662
0.428721 19.786146
0.431400 19.804403
0.448417 19.812664
0.456591 19.786900
0.466653 19.844705
0.492738 19.907573
0.518144 19.833242
0.521531 19.791094
0.526142 19.790691
0.526538 19.800037
0.548594 19.736393
0.551691 19.577363
0.554378 19.679708
0.579532 19.226292
0.618580 18.862898
0.643748 18.870807
0.651758 18.908978
0.659705 18.878616
0.674719 18.947569
0.677348 18.907838
0.680492 18.919731
0.702503 19.043824
0.705189 19.027611
0.711345 19.039179
0.730387 19.249611
0.743698 19.079115
0.765655 19.248535
0.785315 19.251725
0.812829 19.284333
0.825525 19.320465
0.828160 19.302919
0.847630 19.320653
0.853315 19.329207
0.855997 19.308037
0.869261 19.384681
0.881191 19.372042
0.951134 19.512063
0.976286 19.545947
0.978972 19.467564
0.979484 19.517640
0.998284 19.543026
1.004127 19.577684
1.006801 19.545878
1.008392 19.570528
1.031989 19.588396
1.084304 19.627931
1.099318 19.737810
1.100854 19.715870
1.101943 19.705176
1.105098 19.619132
1.127097 19.713680
1.129658 19.730233
1.129783 19.764710
1.154936 19.656751
1.168294 19.739347
1.199226 19.712018
