0.019247 14.953698
0.021802 14.948974
0.023187 14.974483
0.074243 15.029013
0.075017 15.024695
0.078190 15.026303
0.106406 15.068797
0.117090 15.080545
0.119840 15.070238
0.129184 15.046083
0.157449 15.101311
0.161406 15.092287
0.193339 15.102330
0.212364 15.117008
0.215100 15.115754
0.242012 15.131638
0.242631 15.114924
0.314387 15.124748
0.325243 15.124338
0.328939 15.119398
0.342010 15.114139
0.350699 15.117522
0.369101 15.097026
0.378241 15.101211
0.387781 15.099456
0.400980 15.103739
0.439878 15.146836
0.460995 15.197214
0.480247 15.217730
0.484188 15.222134
0.504700 15.216721
0.525831 15.169292
0.535388 15.137455
0.563455 14.805489
0.564794 14.790440
0.615855 14.386253
0.618029 14.328334
0.619743 14.312141
0.637188 14.310727
0.648020 14.356266
0.661442 14.352894
0.670774 14.395058
0.670989 14.402214
0.682162 14.460724
0.699065 14.499739
0.700402 14.498492
0.734967 14.541579
0.737917 14.554728
0.753955 14.591840
0.783626 14.664677
0.784289 14.655518
0.806387 14.688939
0.817776 14.724357
0.820672 14.708463
0.823560 14.733375
0.862685 14.772140
0.870570 14.764188
0.873520 14.780456
0.889567 14.801487
0.919386 14.845329
0.919845 14.845245
0.938637 14.867743
0.939406 14.865674
0.942581 14.867810
0.956269 14.888782
0.959176 14.904904
0.984193 14.915689
1.019247 14.953698
1.021802 14.948974
1.023187 14.974483
1.074243 15.029013
1.075017 15.024695
1.078190 15.026303
1.106406 15.068797
1.117090 15.080545
1.119840 15.070238
1.129184 15.046083
1.157449 15.101311
1.161406 15.092287
1.193339 15.102330
