0.007287 19.849355
0.017080 19.853370
0.071794 19.862285
0.076720 19.919575
0.080297 19.915172
0.089898 19.798214
0.091151 19.930598
0.099012 19.964450
0.101122 20.014552
0.109611 19.998542
0.117615 19.974452
0.126106 19.794003
0.127355 19.933367
0.130082 19.921251
0.187037 19.976786
0.200216 19.968100
0.219939 19.979099
0.228434 20.017979
0.236433 20.063652
0.240397 19.994437
0.244919 20.043723
0.261402 19.998811
0.338062 19.755409
0.355205 19.938602
0.358539 19.971464
0.363691 19.942731
0.371731 20.004117
0.380185 19.953577
0.389980 19.962892
0.444696 19.898732
0.449623 19.978514
0.454759 19.999985
0.468813 19.911237
0.474060 19.930355
0.482551 20.035228
0.490555 20.007151
0.499044 19.999540
0.542600 19.929889
0.565090 19.709244
0.581258 19.643896
0.592879 19.556355
0.601378 19.539310
0.617857 19.486426
0.634366 19.435930
0.698324 19.478655
0.707311 19.422455
0.728184 19.589343
0.731441 19.484949
0.735751 19.586754
0.744673 19.503646
0.753125 19.588672
0.785770 19.448850
0.817682 19.601711
0.843878 19.763471
0.855492 19.676063
0.863495 19.661918
0.871982 19.693572
0.888457 19.734560
0.965821 19.794562
0.982267 19.787544
0.988692 19.844058
0.990795 19.812572
1.007287 19.849355
1.017080 19.853370
1.071794 19.862285
1.076720 19.919575
1.080297 19.915172
1.089898 19.798214
1.091151 19.930598
1.099012 19.964450
1.101122 20.014552
1.109611 19.998542
1.117615 19.974452
1.126106 19.794003
1.127355 19.933367
1.130082 19.921251
1.187037 19.976786
