0.032995 15.760158
0.050849 15.780190
0.063999 15.793809
0.113689 15.839115
0.141523 15.867053
0.165822 15.885233
0.295709 15.901430
0.300486 15.903568
0.313751 15.908865
0.340711 15.921608
0.438919 15.940732
0.448413 15.938250
0.462203 15.978129
0.465743 15.992941
0.479505 16.001446
0.488692 16.017912
0.586786 15.381940
0.592255 15.316214
0.627490 15.037090
0.644922 15.017652
0.740118 15.265660
0.761519 15.348243
0.792849 15.377382
0.814220 15.442156
0.821699 15.436664
0.843589 15.483581
0.916071 15.603970
1.032995 15.760158
1.050849 15.780190
1.063999 15.793809
1.113689 15.839115
1.141523 15.867053
1.165822 15.885233
