0.008651 19.491520
0.101658 19.512415
0.112348 19.597192
0.148251 19.630256
0.150189 19.595733
0.164288 19.654176
0.187741 19.621376
0.196125 19.673134
0.232434 19.681484
0.267826 19.732477
0.289790 19.755279
0.327341 19.647278
0.384902 19.653514
0.407426 19.653949
0.433244 19.544779
0.494770 19.764871
0.524495 19.639701
0.528407 19.798943
0.564714 19.011616
0.568559 19.285061
0.630089 18.657305
0.645934 18.715574
0.655301 18.710333
0.751732 19.045385
0.794953 19.103261
0.820485 19.176356
0.827058 19.189949
0.911461 19.340164
0.960080 19.374583
0.962063 19.417270
0.968405 19.383866
0.972755 19.406626
1.008651 19.491520
1.101658 19.512415
1.112348 19.597192
1.148251 19.630256
1.150189 19.595733
1.164288 19.654176
1.187741 19.621376
1.196125 19.673134
