0.010619 19.571258
0.023518 19.584375
0.027676 19.589093
0.029572 19.635980
0.048739 19.613379
0.122054 19.622286
0.128504 19.641390
0.147418 19.677209
0.205259 19.565446
0.239940 19.681149
0.288917 19.700904
0.308179 19.675785
0.370060 19.811282
0.498850 19.530624
0.505704 19.572693
0.568329 19.416350
0.616647 19.310997
0.650567 19.456892
0.656208 19.348268
0.679102 19.343026
0.739742 19.409477
0.781908 19.419161
0.850150 19.479120
0.873228 19.484478
0.899709 19.487289
0.930895 19.560772
0.953523 19.506234
0.967994 19.583236
0.982119 19.528908
1.010619 19.571258
1.023518 19.584375
1.027676 19.589093
1.029572 19.635980
1.048739 19.613379
1.122054 19.622286
1.128504 19.641390
1.147418 19.677209
