0.027261 19.372927
0.052973 19.387504
0.055103 19.388217
0.069625 19.502063
0.136802 19.449462
0.151978 19.427703
0.179125 19.475420
0.185040 19.575450
0.196498 19.496637
0.204898 19.502858
0.261474 19.482069
0.306068 19.468755
0.314481 19.485546
0.360299 19.509261
0.365926 19.454167
0.469798 19.583098
0.494475 19.599234
0.508787 19.546507
0.544126 19.210066
0.582597 19.053571
0.604016 18.957147
0.618325 18.903530
0.645378 18.949263
0.653665 18.946370
0.720429 19.041882
0.759902 18.933401
0.774327 19.133600
0.792234 19.158808
0.869439 19.235435
0.872652 19.247924
0.883878 19.222159
0.892395 19.281719
0.924274 19.298023
0.974841 19.312390
0.982188 19.342700
1.027261 19.372927
1.052973 19.387504
1.055103 19.388217
1.069625 19.502063
1.136802 19.449462
1.151978 19.427703
1.179125 19.475420
1.185040 19.575450
1.196498 19.496637
