0.020884 15.738251
0.143303 15.900402
0.157663 15.910592
0.159660 15.904586
0.186862 15.913051
0.198844 15.924048
0.200102 15.910485
0.296394 15.936790
0.337626 15.932338
0.392306 15.974909
0.442629 15.997688
0.453230 16.025908
0.530427 15.909747
0.531079 15.727713
0.581412 15.489531
0.601198 15.292885
0.699207 15.277885
0.718536 15.342473
0.739978 15.384298
0.787564 15.490928
0.792301 15.535157
0.832571 15.572491
0.837988 15.535984
0.841511 15.588397
0.856540 15.566262
0.910332 15.656464
0.926283 15.681022
0.931071 15.710683
0.961333 15.737602
0.971402 15.743188
1.020884 15.738251
1.143303 15.900402
1.157663 15.910592
1.159660 15.904586
1.186862 15.913051
1.198844 15.924048
