0.047933 20.007561
0.050683 20.021590
0.105748 20.077705
0.119559 19.987341
0.132268 20.021815
0.133827 20.037752
0.162758 19.890944
0.165512 19.931067
0.189176 20.061177
0.220579 20.032061
0.247138 20.248220
0.257367 19.950733
0.274410 20.019243
0.389242 20.037938
0.398482 20.001708
0.452801 19.931951
0.513407 19.664542
0.563205 20.008087
0.646417 19.622927
0.648105 19.796572
0.728962 19.649618
0.762909 19.800490
0.786729 19.765154
0.795791 19.810751
0.843784 19.704895
0.858762 19.531588
0.877168 19.629373
0.884764 19.990833
0.901555 19.663795
0.919784 19.651454
0.984037 19.836574
0.998527 20.021731
1.047933 20.007561
1.050683 20.021590
1.105748 20.077705
1.119559 19.987341
1.132268 20.021815
1.133827 20.037752
1.162758 19.890944
1.165512 19.931067
1.189176 20.061177
