0.089504 18.725444
0.090522 18.694489
0.111773 18.657784
0.149116 18.729100
0.170487 18.700403
0.210389 18.696136
0.213023 18.740646
0.221208 18.804844
0.254293 18.768888
0.269001 18.674749
0.332889 18.727147
0.341076 18.748773
0.374165 18.698348
0.400304 18.774358
0.505157 18.697034
0.538101 18.592810
0.588479 18.491061
0.630949 18.475979
0.658010 18.665781
0.695637 18.632983
0.697820 18.489211
0.708344 18.501087
0.742412 18.516340
0.750823 18.473877
0.813092 18.460979
0.817693 18.507225
0.862283 18.488277
0.885159 18.596515
0.991945 18.693857
1.089504 18.725444
1.090522 18.694489
1.111773 18.657784
1.149116 18.729100
1.170487 18.700403
