0.000752 20.544959
0.055118 20.803906
0.129860 20.706498
0.187034 20.656734
0.261298 20.869842
0.275306 21.073349
0.328349 20.844451
0.390147 20.785756
0.390370 20.808997
0.415549 20.824610
0.459071 20.651286
0.564124 20.585863
0.585425 20.485184
0.682059 20.547701
0.686812 20.501242
0.696068 20.419052
0.704016 20.168022
0.717308 20.629014
0.729584 20.476997
0.777814 20.559357
0.795253 20.567966
0.909699 20.545649
0.950484 20.756535
1.000752 20.544959
1.055118 20.803906
1.129860 20.706498
1.187034 20.656734
