0.030725 19.472042
0.036484 19.447727
0.080534 19.427617
0.087442 19.555711
0.093361 19.528624
0.138205 19.450621
0.171148 19.592169
0.173309 19.599387
0.179392 19.507073
0.187974 19.456482
0.278584 19.597866
0.280749 19.303194
0.365270 19.698269
0.403383 19.641378
0.424673 19.569255
0.510822 19.538858
0.571031 19.249974
0.582563 19.422487
0.585984 19.291162
0.594198 19.169719
0.678438 19.037989
0.717653 19.136047
0.757963 18.978224
0.825091 19.316090
0.846855 19.326582
0.847181 19.311742
0.849937 19.199191
0.985924 19.443890
0.997738 19.405121
1.030725 19.472042
1.036484 19.447727
1.080534 19.427617
1.087442 19.555711
1.093361 19.528624
1.138205 19.450621
1.171148 19.592169
1.173309 19.599387
1.179392 19.507073
1.187974 19.456482
