0.003309 19.439734
0.024613 19.410730
0.024717 19.483439
0.036018 19.407482
0.044377 19.475490
0.064407 19.552794
0.114800 19.553148
0.191901 19.537942
0.239537 19.782132
0.428725 19.659823
0.464536 19.612128
0.469945 19.611576
0.545102 19.178314
0.548132 19.055380
0.589273 19.032115
0.634302 19.043508
0.672869 19.119607
0.684228 19.142545
0.706401 19.165661
0.719913 19.209165
0.759087 19.205122
0.844650 19.322337
0.850646 19.303557
0.911329 19.325876
0.919640 19.367466
0.921821 19.340380
0.975382 19.447833
0.984783 19.476651
1.003309 19.439734
1.024613 19.410730
1.024717 19.483439
1.036018 19.407482
1.044377 19.475490
1.064407 19.552794
1.114800 19.553148
1.191901 19.537942
