0.047770 19.523575
0.083054 19.459913
0.121017 19.625096
0.142064 19.608689
0.152916 19.540182
0.196041 19.676835
0.219434 19.684275
0.323348 19.665143
0.340621 19.662467
0.352205 19.614020
0.467875 19.899277
0.600054 18.805484
0.646379 18.665626
0.744634 18.995745
0.746690 18.966716
0.759099 19.039522
0.808415 19.121438
0.829604 19.164841
0.840307 19.209355
0.862883 19.221499
0.891327 19.310637
0.903245 19.302847
0.984887 19.417163
1.047770 19.523575
1.083054 19.459913
1.121017 19.625096
1.142064 19.608689
1.152916 19.540182
1.196041 19.676835
