0.035416 19.245730
0.038500 19.278070
0.059025 19.308184
0.067517 19.401978
0.107387 19.314883
0.159389 19.414572
0.188407 19.364421
0.228276 19.416878
0.275029 19.406240
0.381716 19.373794
0.394184 19.409154
0.398484 19.405059
0.502134 19.463101
0.502559 19.480258
0.559665 19.038966
0.586799 18.782799
0.610823 18.640326
0.623036 18.659186
0.642784 18.737081
0.669718 18.655515
0.681913 18.784536
0.707831 18.809088
0.728986 18.843693
0.763765 18.985821
0.779250 18.885740
0.900140 19.128841
0.914526 19.087969
0.938091 19.133283
0.970260 19.046121
1.035416 19.245730
1.038500 19.278070
1.059025 19.308184
1.067517 19.401978
1.107387 19.314883
1.159389 19.414572
1.188407 19.364421
