0.010547 19.371767
0.021083 19.471056
0.025092 19.321203
0.039637 19.352070
0.054125 19.343556
0.068669 19.347298
0.083270 19.378333
0.087074 19.383561
0.097813 19.399334
0.112356 19.372380
0.126898 19.384854
0.130773 19.278257
0.141440 19.383579
0.155982 19.376014
0.170509 19.348251
0.185064 19.373256
0.237683 19.529581
0.251374 19.424672
0.280471 19.570282
0.309566 19.627702
0.324113 19.517099
0.338660 19.558184
0.348399 19.619071
0.349239 19.519936
0.353149 19.462718
0.367694 19.465081
0.382240 19.476545
0.394114 19.447953
0.396841 19.511378
0.411386 19.455355
0.420717 19.411366
0.425930 19.468646
0.440474 19.461483
0.445087 19.489674
0.455017 19.409451
0.459635 19.504210
0.460652 19.612045
0.469559 19.389495
0.474181 19.461642
0.484102 19.408273
0.486382 19.431801
0.488728 19.434885
0.498469 19.623460
0.499307 19.574625
0.503274 19.441889
0.517819 19.365268
0.532365 19.368177
0.544239 19.065528
0.546852 19.138976
0.561397 19.096063
0.575941 18.921803
0.590541 18.958122
0.605084 18.898179
0.619627 18.920246
0.634169 18.919319
0.636451 18.807953
0.648683 18.910628
0.663253 18.961808
0.665343 18.765208
0.677794 19.007136
0.682823 18.823991
0.700044 18.938175
0.712976 18.571495
0.729864 18.701062
0.744100 18.649955
0.758649 18.713839
0.783513 18.831391
0.787745 18.845218
0.801565 18.764211
0.802293 18.854936
0.816840 18.985592
0.831386 19.010769
0.832834 18.986724
0.845933 19.126974
0.860422 18.876074
0.874967 19.103090
0.880477 19.212744
0.889569 19.153055
0.904114 19.180776
0.918658 19.181465
0.933202 19.225518
0.937813 19.163459
0.947745 19.259130
0.952361 19.138566
0.962288 19.296999
0.966908 19.283068
0.976831 19.285702
0.981455 19.247550
0.982578 19.374729
0.991316 19.292406
0.996001 19.286638
1.010547 19.371767
1.021083 19.471056
1.025092 19.321203
1.039637 19.352070
1.054125 19.343556
1.068669 19.347298
1.083270 19.378333
1.087074 19.383561
1.097813 19.399334
1.112356 19.372380
1.126898 19.384854
1.130773 19.278257
1.141440 19.383579
1.155982 19.376014
1.170509 19.348251
1.185064 19.373256
