0.001177 18.918431
0.007320 18.838788
0.018993 18.898219
0.047047 18.922794
0.047890 18.964114
0.075945 18.989953
0.076731 18.987197
0.079512 18.929029
0.104788 18.999873
0.105627 19.001806
0.120532 19.041330
0.133685 18.996155
0.134522 19.089563
0.139057 18.915739
0.144819 19.105000
0.162581 19.066859
0.163471 19.107730
0.178299 19.071119
0.184565 19.108871
0.191532 19.057594
0.192366 19.017537
0.197252 19.053983
0.220428 19.022926
0.221260 19.101543
0.239326 19.056212
0.249324 19.087900
0.250154 19.015797
0.278219 19.066030
0.279061 19.096095
0.282741 19.162994
0.307114 19.106536
0.307940 19.071649
0.321943 19.233755
0.330206 19.118875
0.331160 19.098404
0.336009 19.147301
0.336833 19.137874
0.359204 19.123520
0.360058 19.139566
0.364903 19.077618
0.365726 19.118800
0.382914 19.209765
0.388104 19.126115
0.388956 19.144210
0.393797 19.034511
0.394618 19.112835
0.395443 19.004917
0.417004 19.161507
0.417854 19.128944
0.422690 19.094211
0.445903 19.081829
0.446751 19.146990
0.473849 19.059414
0.474802 19.090620
0.475649 19.012016
0.503700 18.806001
0.504545 18.966187
0.532598 18.901179
0.533442 18.805717
0.539086 18.796711
0.539166 18.757922
0.550289 18.994357
0.561496 18.707110
0.562338 18.613845
0.590394 18.595002
0.591179 18.527965
0.604303 18.480149
0.619236 18.480055
0.620035 18.451353
0.626253 18.516369
0.648133 18.428578
0.677030 18.428739
0.677919 18.565737
0.693931 18.177875
0.705980 18.432225
0.706813 18.461245
0.734876 18.441212
0.735707 18.500645
0.747947 18.674203
0.763771 18.556917
0.778621 18.526766
0.792667 18.624106
0.793494 18.600428
0.816683 18.556051
0.821561 18.660807
0.822387 18.727952
0.841281 18.595763
0.844372 18.716407
0.845609 18.643263
0.850456 18.736239
0.851279 18.761633
0.863731 18.686050
0.869732 18.673987
0.873654 18.638016
0.874507 18.666027
0.879350 18.699590
0.880172 18.797150
0.902554 18.723059
0.903405 18.674541
0.908243 18.823388
0.931453 18.763342
0.932303 18.755057
0.960434 18.782120
0.961145 18.827213
0.984923 18.847188
0.989251 18.839823
0.990097 18.822773
1.001177 18.918431
1.007320 18.838788
1.018993 18.898219
1.047047 18.922794
1.047890 18.964114
1.075945 18.989953
1.076731 18.987197
1.079512 18.929029
1.104788 18.999873
1.105627 19.001806
1.120532 19.041330
1.133685 18.996155
1.134522 19.089563
1.139057 18.915739
1.144819 19.105000
1.162581 19.066859
1.163471 19.107730
1.178299 19.071119
1.184565 19.108871
1.191532 19.057594
1.192366 19.017537
1.197252 19.053983
