0.019261 14.812213
0.079147 14.843039
0.107035 14.863156
0.115839 14.868329
0.168866 14.891117
0.312718 14.921611
0.320981 14.920515
0.329802 14.930488
0.357741 14.946493
0.391197 14.966487
0.436667 14.967584
0.441100 14.962103
0.445531 14.965663
0.599036 14.613710
0.617685 14.602206
0.626690 14.595937
0.714718 14.588307
0.774724 14.647583
0.788299 14.657626
0.876538 14.724244
0.890407 14.731636
0.890676 14.741103
0.903619 14.742903
0.963461 14.780024
1.019261 14.812213
1.079147 14.843039
1.107035 14.863156
1.115839 14.868329
1.168866 14.891117
