0.064430 19.586805
0.068036 19.458969
0.123955 19.486477
0.201688 19.612545
0.202327 19.591309
0.202831 19.568895
0.236488 19.580469
0.314175 19.619404
0.314813 19.623907
0.315323 19.454715
0.321238 19.489466
0.328872 19.538798
0.362487 19.577775
0.409175 19.598902
0.420110 19.517749
0.516069 19.581229
0.521664 19.501274
0.582094 19.481155
0.599003 19.544562
0.613537 19.387884
0.630248 19.379551
0.682746 19.520181
0.708639 19.224283
0.711409 19.325493
0.714696 19.080184
0.726028 19.494261
0.828530 19.406869
0.917242 19.217804
0.927400 19.450237
1.064430 19.586805
1.068036 19.458969
1.123955 19.486477
