0.005277 18.052791
0.096132 18.149366
0.156431 18.186353
0.159826 18.127199
0.176739 18.202856
0.192322 18.217931
0.219717 18.234840
0.287035 18.239632
0.318582 18.245846
0.334168 18.217544
0.342753 18.244858
0.361560 18.261884
0.379682 18.212164
0.422784 18.281305
0.484559 18.283040
0.521496 18.126840
0.546912 17.939937
0.564629 17.773729
0.578327 17.727121
0.580552 17.807590
0.611613 17.664910
0.661995 17.562681
0.688765 17.602505
0.801085 17.797957
0.803842 17.766405
0.822182 17.854765
0.863423 17.886569
0.954281 17.991364
1.005277 18.052791
1.096132 18.149366
1.156431 18.186353
1.159826 18.127199
1.176739 18.202856
1.192322 18.217931
