0.014512 15.471144
0.042267 15.515039
0.043021 15.510844
0.051688 15.507810
0.133595 15.566223
0.143531 15.578632
0.160907 15.611727
0.168712 15.587630
0.229907 15.627589
0.312709 15.682969
0.398899 15.666834
0.443296 15.675555
0.475624 15.593376
0.481696 15.606140
0.495430 15.583413
0.527110 15.443795
0.567127 15.262044
0.569497 15.286187
0.664413 15.014446
0.715007 15.045806
0.736124 15.033877
0.738978 15.018085
0.741479 15.008658
0.774501 15.087713
0.829922 15.187334
0.845462 15.210815
0.874027 15.333371
0.884057 15.338917
0.904103 15.375519
0.910470 15.346833
0.929336 15.385102
0.974609 15.452215
0.991926 15.466209
0.998916 15.462963
1.014512 15.471144
1.042267 15.515039
1.043021 15.510844
1.051688 15.507810
1.133595 15.566223
1.143531 15.578632
1.160907 15.611727
1.168712 15.587630
