0.052271 19.053274
0.088855 19.102887
0.096606 18.986357
0.136761 18.895636
0.147554 18.976009
0.167113 19.033294
0.273432 19.127998
0.287472 19.099457
0.311978 19.079805
0.324738 18.890103
0.362122 19.112743
0.369861 18.903357
0.388229 19.042369
0.409971 19.003221
0.420829 19.064971
0.430738 18.982484
0.475805 18.941336
0.514759 19.009683
0.524814 18.960742
0.576028 18.810189
0.585552 18.741439
0.597998 18.838734
0.603114 18.767830
0.629578 19.003203
0.690764 18.773236
0.712798 18.826240
0.748714 18.775591
0.759912 18.762901
0.766320 18.743473
0.798244 18.692618
0.863513 18.759510
0.876387 18.795277
0.879406 18.978189
0.913050 18.748417
0.994212 19.018727
1.052271 19.053274
1.088855 19.102887
1.096606 18.986357
1.136761 18.895636
1.147554 18.976009
1.167113 19.033294
