0.000460 18.386975
0.002486 18.442277
0.021991 18.380120
0.039497 18.404712
0.064499 18.399196
0.076221 18.497803
0.126626 18.532156
0.146139 18.483946
0.157989 18.474780
0.163633 18.523348
0.173211 18.590767
0.200213 18.532704
0.282126 18.509445
0.297349 18.598306
0.304714 18.386115
0.324398 18.575171
0.339199 18.504175
0.351551 18.537930
0.361023 18.519094
0.371724 18.502599
0.380751 18.577779
0.428848 18.581058
0.458589 18.658222
0.520751 18.426743
0.532358 18.353323
0.577538 18.171298
0.619879 17.900232
0.644857 18.029735
0.647028 17.915131
0.656509 18.046150
0.701634 18.112123
0.744016 18.012751
0.780642 18.155598
0.876313 18.264014
0.904779 18.317127
0.940354 18.304506
0.952076 18.346338
0.972945 18.366953
0.997173 18.351069
1.000460 18.386975
1.002486 18.442277
1.021991 18.380120
1.039497 18.404712
1.064499 18.399196
1.076221 18.497803
1.126626 18.532156
1.146139 18.483946
1.157989 18.474780
1.163633 18.523348
1.173211 18.590767
