0.018590 17.268924
0.030945 17.233678
0.052544 17.247116
0.091851 17.292441
0.104605 17.302632
0.106453 17.304182
0.116131 17.304918
0.125647 17.330006
0.140220 17.310508
0.159691 17.327754
0.163242 17.322156
0.197637 17.332739
0.210515 17.341623
0.223231 17.337295
0.247318 17.352476
0.295525 17.399810
0.317617 17.398759
0.361397 17.433821
0.377485 17.460894
0.380528 17.460769
0.402631 17.504859
0.407475 17.500180
0.418176 17.498410
0.419297 17.510114
0.452559 17.519389
0.453906 17.489328
0.461355 17.477333
0.487665 17.418867
0.559657 16.977532
0.568430 16.884204
0.572550 16.885770
0.624863 16.798202
0.662417 16.837490
0.679653 16.862939
0.731971 16.945120
0.742587 16.966017
0.743154 16.886317
0.754100 16.980303
0.769514 16.983416
0.778193 16.997773
0.780209 17.003903
0.814584 17.044668
0.845192 17.073363
0.848484 17.055857
0.849684 17.091330
0.850303 17.085453
0.861202 17.077552
0.885294 17.108140
0.923838 17.132215
0.952166 17.159386
0.956892 17.175254
1.018590 17.268924
1.030945 17.233678
1.052544 17.247116
1.091851 17.292441
1.104605 17.302632
1.106453 17.304182
1.116131 17.304918
1.125647 17.330006
1.140220 17.310508
1.159691 17.327754
1.163242 17.322156
1.197637 17.332739
