0.035320 20.212886
0.062848 20.250115
0.107500 20.310354
0.143064 20.351491
0.144355 20.411895
0.149913 20.279737
0.161859 20.294121
0.207539 20.532337
0.225714 20.338330
0.228451 20.348549
0.234063 20.378388
0.276439 20.368268
0.295468 20.425616
0.313239 20.382318
0.335881 20.334143
0.354974 20.184481
0.409309 20.435067
0.453103 20.365530
0.457789 20.440810
0.487221 20.451401
0.516264 20.447629
0.603319 19.881593
0.613701 19.423447
0.614377 19.512151
0.629212 19.491797
0.635194 19.545714
0.637038 19.865740
0.642791 19.724948
0.653369 19.594093
0.729821 19.854637
0.732528 19.785380
0.755741 19.885366
0.758926 19.936207
0.779884 19.904369
0.800761 19.880391
0.927286 20.062888
1.035320 20.212886
1.062848 20.250115
1.107500 20.310354
1.143064 20.351491
1.144355 20.411895
1.149913 20.279737
1.161859 20.294121
