0.015433 17.128369
0.051964 17.163638
0.107241 17.228081
0.158760 17.250045
0.247135 17.261963
0.263388 17.284222
0.267094 17.268324
0.333711 17.196018
0.348458 17.278413
0.473619 17.379141
0.478074 17.397877
0.488314 17.389512
0.491763 17.378700
0.544766 17.011751
0.579096 16.625314
0.590656 16.526061
0.671453 16.535585
0.677839 16.578508
0.684664 16.593798
0.698874 16.624431
0.718942 16.659970
0.730569 16.673941
0.806643 16.824441
0.811316 16.839373
0.821388 16.859734
0.853028 16.887950
0.946553 17.021306
0.961295 17.043083
0.992923 17.092386
1.015433 17.128369
1.051964 17.163638
1.107241 17.228081
1.158760 17.250045
