0.005286 20.432051
0.035930 20.439529
0.093514 20.483446
0.094102 20.479681
0.106602 20.517701
0.119172 20.483397
0.172630 20.473498
0.187079 20.426967
0.199316 20.594990
0.201118 20.731423
0.207456 20.626647
0.273146 20.543176
0.300963 20.520142
0.315044 20.473311
0.315622 20.494543
0.337697 20.692355
0.387029 20.664869
0.470113 20.700353
0.496881 20.550890
0.595259 20.028039
0.607710 19.878087
0.608553 20.146024
0.610762 19.691961
0.709143 20.113868
0.721606 20.031261
0.738175 20.132240
0.856734 20.390957
0.864018 20.229675
0.916002 20.209385
0.980175 20.343164
0.992708 20.386928
1.005286 20.432051
1.035930 20.439529
1.093514 20.483446
1.094102 20.479681
1.106602 20.517701
1.119172 20.483397
1.172630 20.473498
1.187079 20.426967
1.199316 20.594990
