0.022995 18.150316
0.028348 18.130898
0.034951 18.137971
0.035343 18.139393
0.102316 18.205460
0.161373 18.231220
0.167966 18.243869
0.189537 18.220887
0.290028 18.310380
0.300111 18.277690
0.322589 18.266565
0.333395 18.262708
0.352048 18.252391
0.356695 18.254941
0.423081 18.363470
0.433181 18.357834
0.478125 18.433539
0.484752 18.431285
0.485100 18.405921
0.612137 17.603358
0.617819 17.595819
0.650099 17.547702
0.664196 17.578656
0.706296 17.638413
0.739783 17.752546
0.749923 17.758256
0.797298 17.844463
0.806800 17.863766
0.840273 17.949574
0.872835 17.979017
0.882990 17.966366
0.902289 17.982143
0.951610 18.042196
0.969246 18.075009
0.973326 18.113256
0.996745 18.106846
1.022995 18.150316
1.028348 18.130898
1.034951 18.137971
1.035343 18.139393
1.102316 18.205460
1.161373 18.231220
1.167966 18.243869
1.189537 18.220887
