0.034025 18.984352
0.076211 19.012381
0.088130 18.977102
0.097531 19.000748
0.126431 19.022674
0.180934 19.050346
0.205841 19.050611
0.225379 18.887282
0.298646 19.068200
0.307119 19.034248
0.343091 19.093699
0.377716 19.079288
0.394733 19.122677
0.424620 19.176388
0.439100 19.168446
0.463117 19.155039
0.542376 18.813941
0.562832 18.798677
0.572624 18.770687
0.580829 18.728885
0.587667 18.714611
0.619503 18.632319
0.629115 18.634615
0.674918 18.597239
0.680545 18.637242
0.737217 18.647206
0.846210 18.818671
0.852815 18.814660
0.909166 18.903532
0.916300 18.862005
0.921320 18.901404
0.959650 18.925846
1.034025 18.984352
1.076211 19.012381
1.088130 18.977102
1.097531 19.000748
1.126431 19.022674
1.180934 19.050346
