0.003506 15.694945
0.066599 15.787323
0.096637 15.849300
0.161485 15.908472
0.162188 15.892026
0.190679 15.909079
0.255377 15.980030
0.274280 15.962814
0.284804 15.955741
0.390860 15.965220
0.428375 15.875847
0.428919 16.048801
0.521072 15.725971
0.595346 15.319617
0.619962 15.419988
0.640625 15.036754
0.712279 15.234368
0.799366 15.368050
0.806771 15.473981
0.812785 15.487104
0.857675 15.458850
1.003506 15.694945
1.066599 15.787323
1.096637 15.849300
1.161485 15.908472
1.162188 15.892026
1.190679 15.909079
