0.059645 19.526362
0.150103 19.582366
0.162387 19.589424
0.171312 19.617159
0.177037 19.573165
0.180239 19.610168
0.274573 19.559665
0.277806 19.600843
0.279038 19.635993
0.286881 19.611934
0.304720 19.373605
0.344446 19.586803
0.417595 19.667130
0.434936 19.693862
0.514315 19.567585
0.543818 19.514566
0.598033 19.196856
0.618232 19.130548
0.638813 19.100463
0.645032 18.963606
0.668320 18.989185
0.750487 19.179156
0.799899 19.195218
0.874933 19.340359
0.880688 19.389551
0.894382 19.333079
0.924404 19.376809
0.935150 19.441203
0.941379 19.450130
1.059645 19.526362
1.150103 19.582366
1.162387 19.589424
1.171312 19.617159
1.177037 19.573165
1.180239 19.610168
