0.027768 13.537905
0.084901 13.578286
0.150635 13.614532
0.157620 13.609234
0.201981 13.630523
0.312980 13.662987
0.328062 13.679181
0.351262 13.687931
0.383442 13.730080
0.415207 13.752227
0.438966 13.768383
0.450760 13.762443
0.456285 13.769135
0.509485 13.550553
0.541297 13.345052
0.551281 13.344591
0.557501 13.327732
0.569176 13.319449
0.582377 13.274655
0.593020 13.234308
0.651391 13.152533
0.677329 13.168183
0.683595 13.200917
0.695259 13.216285
0.701051 13.221275
0.701263 13.221995
0.719115 13.235919
0.779341 13.322049
0.827300 13.355364
0.901674 13.440319
0.958817 13.491190
0.989024 13.504495
1.027768 13.537905
1.084901 13.578286
1.150635 13.614532
1.157620 13.609234
