0.005088 17.357838
0.022377 17.362070
0.052039 17.359109
0.069448 17.443202
0.110520 17.441069
0.136276 17.477757
0.140638 17.474849
0.187705 17.499528
0.213086 17.514307
0.223449 17.527385
0.286592 17.574079
0.321412 17.537390
0.331485 17.528930
0.333553 17.580414
0.341717 17.476865
0.392018 17.564363
0.404856 17.595215
0.437141 17.606844
0.487048 17.572315
0.555402 17.266042
0.602929 16.910477
0.605349 16.848473
0.612986 16.848599
0.670695 16.821478
0.710765 16.921236
0.731248 16.908915
0.782167 17.049200
0.788913 17.078747
0.803932 17.099226
0.854745 17.193606
0.874962 17.198445
0.886778 17.208408
0.922201 17.272379
0.989640 17.344885
0.992248 17.352335
0.993234 17.343729
0.993926 17.360629
1.005088 17.357838
1.022377 17.362070
1.052039 17.359109
1.069448 17.443202
1.110520 17.441069
1.136276 17.477757
1.140638 17.474849
1.187705 17.499528
