0.009025 18.870413
0.087628 19.075189
0.115721 19.045864
0.194332 19.133088
0.236745 19.125248
0.281692 19.193860
0.285238 19.242925
0.285240 19.059039
0.308222 19.096972
0.355689 19.076323
0.368878 19.189399
0.369628 19.187418
0.402146 19.144366
0.417321 19.217227
0.430240 19.226617
0.455635 19.321593
0.501556 19.021817
0.508845 18.947801
0.526459 18.796260
0.536926 19.238100
0.562325 19.245101
0.569441 18.618308
0.599776 18.592666
0.640928 18.538726
0.669063 18.698187
0.683396 18.426094
0.698614 18.221001
0.731885 18.109365
0.747689 18.480293
0.756371 18.309642
0.815531 18.544527
0.827166 18.503450
0.841072 18.960667
0.876892 18.536910
0.883982 18.714267
0.955443 18.890942
0.973201 19.002393
1.009025 18.870413
1.087628 19.075189
1.115721 19.045864
1.194332 19.133088
