0.014435 17.060151
0.036082 17.260015
0.038501 17.089230
0.089961 17.199696
0.140533 17.204420
0.164562 17.230330
0.195857 17.280723
0.216027 17.274964
0.237675 17.279523
0.336187 17.370774
0.363743 17.295127
0.495965 17.118190
0.516102 17.233771
0.642169 16.845694
0.652498 16.729358
0.663819 16.829847
0.774998 16.976966
0.789886 16.936266
0.794531 16.977739
0.850130 16.808705
0.861853 17.082773
0.878850 17.060608
0.901043 17.123522
0.920598 17.087254
0.937598 17.059940
1.014435 17.060151
1.036082 17.260015
1.038501 17.089230
1.089961 17.199696
1.140533 17.204420
1.164562 17.230330
1.195857 17.280723
