0.069822 18.419041
0.074588 18.464992
0.104265 18.485718
0.191558 18.511502
0.239415 18.526454
0.326337 18.563474
0.344342 18.536919
0.368067 18.552857
0.494874 18.623577
0.496745 18.636300
0.502037 18.553731
0.503567 18.589796
0.555520 18.096144
0.605973 17.779110
0.629595 17.814265
0.690293 17.868011
0.692396 17.882704
0.740801 18.059882
0.817563 18.143767
0.822828 18.138446
0.827166 18.132510
0.834486 18.174904
0.835814 18.168761
0.935049 18.279187
0.939809 18.302680
0.956574 18.308937
0.969263 18.349328
1.069822 18.419041
1.074588 18.464992
1.104265 18.485718
1.191558 18.511502
