0.022038 20.310283
0.023324 20.314807
0.065242 20.295119
0.178255 20.410078
0.183932 20.283831
0.188158 20.317762
0.230859 20.625620
0.295732 20.210600
0.328232 20.302706
0.353027 20.387419
0.461774 20.225040
0.469594 20.229581
0.494352 20.226441
0.524961 20.140364
0.615231 19.914253
0.672102 19.806167
0.691064 20.091858
0.714657 20.091018
0.788559 20.173410
0.857217 20.343465
0.880757 20.161999
0.900357 20.253609
0.908095 20.142927
0.915857 20.229135
0.963478 20.249933
0.969701 20.123343
1.022038 20.310283
1.023324 20.314807
1.065242 20.295119
1.178255 20.410078
1.183932 20.283831
1.188158 20.317762
