0.065636 18.235035
0.080539 18.184530
0.101563 18.228395
0.113971 18.235206
0.153416 18.300609
0.153649 18.285138
0.153776 18.299913
0.183416 18.340734
0.192863 18.308704
0.219440 18.330354
0.255366 18.337286
0.307044 18.335202
0.307158 18.255575
0.307936 18.333322
0.337218 18.335827
0.346706 18.334156
0.455290 18.325649
0.461682 18.413485
0.479969 18.375563
0.519698 18.455475
0.584076 18.133328
0.586748 17.767887
0.609071 17.305653
0.633813 17.410431
0.663912 17.352130
0.673089 17.338120
0.673300 17.340692
0.673481 17.311873
0.712759 17.438748
0.714452 17.459450
0.737821 17.524269
0.817694 17.798063
0.826814 17.763725
0.952786 18.070789
0.960184 18.008542
0.999972 18.086557
1.065636 18.235035
1.080539 18.184530
1.101563 18.228395
1.113971 18.235206
1.153416 18.300609
1.153649 18.285138
1.153776 18.299913
1.183416 18.340734
1.192863 18.308704
