0.087151 15.836595
0.113564 15.731438
0.142599 15.825293
0.159079 15.835296
0.203399 15.836386
0.203821 15.891788
0.221479 15.896528
0.247934 15.804118
0.271845 15.842563
0.276923 15.836463
0.309401 15.919409
0.337730 15.929965
0.338147 15.956151
0.341874 15.895748
0.395939 15.927523
0.406160 15.944326
0.438527 15.994256
0.443723 15.927864
0.476190 15.970709
0.530320 15.889935
0.542091 15.792159
0.561133 15.762586
0.606115 15.662601
0.632309 15.466192
0.695461 15.623993
0.740444 15.587715
0.766653 15.561208
0.792134 15.620115
0.839362 15.685703
0.844720 15.680566
0.851358 15.659693
0.868031 15.690372
0.884127 15.673822
0.907564 15.746014
0.926465 15.740921
1.087151 15.836595
1.113564 15.731438
1.142599 15.825293
1.159079 15.835296
