0.007773 15.415238
0.014948 15.431238
0.044766 15.457710
0.062720 15.468083
0.099143 15.505537
0.111309 15.497033
0.120237 15.501880
0.155659 15.526582
0.167139 15.523583
0.173613 15.529171
0.173679 15.522000
0.295939 15.555876
0.302519 15.557033
0.321636 15.558622
0.424970 15.673533
0.444599 15.675927
0.482218 15.693357
0.495806 15.663184
0.555755 15.274792
0.596065 14.993799
0.624658 14.909382
0.724957 15.068716
0.730246 15.066574
0.836584 15.243765
0.857613 15.270670
0.862460 15.190123
0.878925 15.278220
0.917768 15.325523
0.933876 15.346890
0.970303 15.385779
0.986477 15.401702
0.991311 15.393946
0.991346 15.406503
1.007773 15.415238
1.014948 15.431238
1.044766 15.457710
1.062720 15.468083
1.099143 15.505537
1.111309 15.497033
1.120237 15.501880
1.155659 15.526582
1.167139 15.523583
1.173613 15.529171
1.173679 15.522000
