0.008082 20.283705
0.032708 20.272817
0.058772 20.275139
0.066049 20.270727
0.121387 20.424981
0.142975 20.332961
0.146021 20.216248
0.179368 20.305141
0.181976 20.271989
0.295288 20.344419
0.313893 20.359117
0.315342 20.385356
0.384956 20.268706
0.410244 20.240314
0.415739 20.366461
0.463293 20.241642
0.485085 20.318168
0.498261 20.110198
0.529054 20.294323
0.585395 20.041453
0.598402 20.365793
0.687882 19.521307
0.767964 19.807172
0.780913 20.071361
0.787874 20.090743
0.796978 19.787102
0.801198 19.577525
0.901180 19.913713
1.008082 20.283705
1.032708 20.272817
1.058772 20.275139
1.066049 20.270727
1.121387 20.424981
1.142975 20.332961
1.146021 20.216248
1.179368 20.305141
1.181976 20.271989
