0.048304 15.330221
0.089681 15.380395
0.095630 15.389778
0.105655 15.399320
0.132960 15.426896
0.135757 15.439351
0.182938 15.476160
0.207208 15.467873
0.239701 15.471228
0.290026 15.462402
0.340058 15.471939
0.348261 15.486267
0.354725 15.486756
0.360036 15.469704
0.361858 15.487898
0.401418 15.464876
0.443123 15.518834
0.469578 15.563128
0.472782 15.573778
0.485311 15.572959
0.511801 15.585763
0.517166 15.577894
0.519040 15.580545
0.579436 14.954297
0.588951 14.792678
0.623940 14.467049
0.626763 14.456387
0.642387 14.482357
0.670515 14.563590
0.676042 14.616175
0.691224 14.639557
0.741258 14.795911
0.746091 14.797670
0.761725 14.866066
0.817066 14.966902
0.833177 14.996251
0.848305 15.033963
0.891176 15.100611
0.912000 15.135110
0.932552 15.162944
0.974252 15.223183
0.987914 15.235517
1.048304 15.330221
1.089681 15.380395
1.095630 15.389778
1.105655 15.399320
1.132960 15.426896
1.135757 15.439351
1.182938 15.476160
