0.091761 17.683638
0.103533 17.700659
0.106699 17.703472
0.150703 17.721147
0.151789 17.726140
0.173370 17.720476
0.174283 17.731732
0.175519 17.726099
0.181487 17.739832
0.246416 17.746768
0.264608 17.754308
0.285019 17.754737
0.288149 17.750378
0.291117 17.739205
0.295393 17.751359
0.340027 17.751041
0.341156 17.749419
0.346383 17.762868
0.360378 17.766981
0.366657 17.763206
0.398929 17.695080
0.453977 17.721757
0.455065 17.703864
0.460299 17.719361
0.488587 17.681192
0.559331 17.583072
0.562244 17.582603
0.614253 17.537231
0.621528 17.545758
0.637767 17.520016
0.641092 17.527537
0.727997 17.475537
0.751728 17.536449
0.797393 17.587675
0.892686 17.633462
0.902234 17.609710
0.903148 17.621126
0.911314 17.605295
0.989623 17.644995
1.091761 17.683638
1.103533 17.700659
1.106699 17.703472
1.150703 17.721147
1.151789 17.726140
1.173370 17.720476
1.174283 17.731732
1.175519 17.726099
1.181487 17.739832
