0.016993 17.437366
0.080208 17.574669
0.117938 17.575748
0.138165 17.631938
0.139268 17.629451
0.143745 17.573416
0.240211 17.751582
0.260449 17.640685
0.281733 17.646835
0.282179 17.685243
0.302550 17.643805
0.404436 17.752800
0.414591 17.778265
0.438760 17.784198
0.449027 17.812855
0.471147 17.697070
0.509536 17.747008
0.531257 17.556105
0.536841 17.454165
0.561029 17.283537
0.571308 17.162650
0.572799 17.245126
0.593430 17.135481
0.631759 16.868249
0.639029 16.917663
0.666864 16.892929
0.756725 17.170169
0.796246 17.263334
0.798133 17.254910
0.826897 17.260654
0.852673 17.298366
0.855990 17.308734
0.858891 17.311952
0.918526 17.449265
0.920454 17.408477
0.957880 17.455213
0.978264 17.482900
0.981166 17.491346
1.016993 17.437366
1.080208 17.574669
1.117938 17.575748
1.138165 17.631938
1.139268 17.629451
1.143745 17.573416
