0.003928 17.683037
0.005987 17.666295
0.011272 17.688153
0.018561 17.708920
0.025850 17.709455
0.029946 17.702169
0.033138 17.716392
0.040368 17.719601
0.041689 17.714215
0.046538 17.677717
0.047649 17.735787
0.054981 17.746832
0.062251 17.768833
0.146751 17.838789
0.152835 17.824026
0.157782 17.805224
0.238804 17.859612
0.293911 17.858319
0.304620 17.841001
0.308646 17.838113
0.331667 17.912869
0.338940 17.869157
0.346187 17.901758
0.353502 17.899976
0.360789 17.900986
0.368078 17.886371
0.372156 17.879488
0.375367 17.900583
0.382656 17.883982
0.385642 17.861296
0.389942 17.890333
0.397225 17.899249
0.404448 17.902812
0.411832 17.800262
0.419040 17.889686
0.432651 17.870385
0.457178 17.867730
0.485780 17.843466
0.493058 17.883147
0.496292 17.920542
0.500285 17.902941
0.507586 17.891979
0.514916 17.903755
0.515447 17.899894
0.519006 17.893170
0.522206 17.901833
0.529494 17.895723
0.536781 17.868072
0.544009 17.849185
0.551344 17.777056
0.558617 17.752735
0.564455 17.581781
0.579440 17.355202
0.603983 17.007892
0.643390 17.087773
0.654138 17.105243
0.658183 17.066893
0.662340 17.098490
0.735154 17.193798
0.735655 17.197745
0.779272 17.371289
0.786071 17.301262
0.790290 17.315758
0.800978 17.314947
0.828034 17.399984
0.835303 17.412058
0.842523 17.424773
0.849860 17.447792
0.857145 17.444779
0.864433 17.452055
0.871722 17.472200
0.886299 17.502409
0.889286 17.497949
0.893584 17.499392
0.894838 17.510303
0.900865 17.519042
0.908085 17.509304
0.915409 17.539633
0.932917 17.561860
0.989419 17.641399
0.996699 17.690067
1.003928 17.683037
1.005987 17.666295
1.011272 17.688153
1.018561 17.708920
1.025850 17.709455
1.029946 17.702169
1.033138 17.716392
1.040368 17.719601
1.041689 17.714215
1.046538 17.677717
1.047649 17.735787
1.054981 17.746832
1.062251 17.768833
1.146751 17.838789
1.152835 17.824026
1.157782 17.805224
