0.043386 15.439724
0.076232 15.477333
0.081592 15.456221
0.083820 15.485674
0.102661 15.490594
0.111054 15.505603
0.128072 15.541877
0.254482 15.606028
0.266181 15.605821
0.275221 15.603655
0.291609 15.596913
0.312506 15.590244
0.326428 15.599941
0.359896 15.600077
0.417861 15.595516
0.465536 15.665239
0.490686 15.704224
0.523528 15.687157
0.548678 15.585288
0.596208 14.852500
0.629064 14.528598
0.700519 14.634586
0.727293 14.745000
0.759733 14.889652
0.773622 14.862526
0.793448 14.912481
0.807241 15.030560
0.865248 15.151148
0.890751 15.172027
0.912767 15.242706
0.918053 15.205657
0.920282 15.251190
0.937097 15.231221
0.937920 15.283182
0.947535 15.266914
1.043386 15.439724
1.076232 15.477333
1.081592 15.456221
1.083820 15.485674
1.102661 15.490594
1.111054 15.505603
1.128072 15.541877
