0.024581 16.033395
0.044215 16.071323
0.044872 16.035394
0.045223 16.012268
0.051937 16.025419
0.069799 16.057888
0.083584 16.053732
0.141728 16.089958
0.152391 16.103815
0.172071 16.183357
0.172665 16.104418
0.202003 16.129245
0.211394 16.148528
0.218049 16.133259
0.314334 16.201081
0.329810 16.138742
0.348841 16.165042
0.384455 16.200281
0.388898 16.210706
0.445869 16.034067
0.448931 16.047479
0.476640 16.076853
0.477223 16.228832
0.515576 16.254572
0.516747 16.145128
0.569713 15.690556
0.573714 15.676998
0.605046 15.631731
0.644568 15.668497
0.667850 15.701615
0.734869 15.704584
0.741019 15.608719
0.746330 15.626264
0.753143 15.740808
0.769399 15.754087
0.772377 15.795113
0.780837 15.788939
0.820951 15.734368
0.874130 15.804544
0.880950 15.915375
0.897204 15.907753
0.908635 15.896197
0.924143 15.919744
0.942006 15.887723
0.948753 15.919177
0.956948 15.940305
1.024581 16.033395
1.044215 16.071323
1.044872 16.035394
1.045223 16.012268
1.051937 16.025419
1.069799 16.057888
1.083584 16.053732
1.141728 16.089958
1.152391 16.103815
1.172071 16.183357
1.172665 16.104418
