0.039820 16.872234
0.070823 16.913009
0.093143 16.854094
0.106167 16.918129
0.111412 16.941428
0.145359 16.930285
0.156135 16.937962
0.157345 16.957508
0.198842 16.979626
0.203127 16.974330
0.213528 16.969705
0.259184 17.032750
0.262882 16.999531
0.277662 17.003185
0.292536 17.022100
0.312483 16.995772
0.313170 16.994411
0.345825 17.019067
0.367047 17.037289
0.395136 17.069145
0.424832 17.122159
0.444794 17.133740
0.447052 17.149936
0.471074 17.142068
0.482297 17.177964
0.533689 16.890404
0.545158 16.726163
0.574148 16.403109
0.592405 16.313288
0.592536 16.366101
0.623555 16.206676
0.645870 16.300281
0.658969 16.326049
0.706448 16.416097
0.710104 16.409634
0.724700 16.399973
0.724892 16.462230
0.739774 16.458357
0.755907 16.506435
0.765960 16.554417
0.778163 16.570602
0.791214 16.561651
0.842406 16.631721
0.865313 16.679088
0.872079 16.671034
0.892066 16.715134
0.898621 16.708460
0.947959 16.779390
0.997615 16.852613
1.039820 16.872234
1.070823 16.913009
1.093143 16.854094
1.106167 16.918129
1.111412 16.941428
1.145359 16.930285
1.156135 16.937962
1.157345 16.957508
1.198842 16.979626
