0.004789 16.411396
0.012844 16.424141
0.022130 16.441154
0.096430 16.505263
0.139270 16.549624
0.147329 16.559180
0.190705 16.579460
0.230925 16.588059
0.392999 16.576708
0.450404 16.651938
0.459457 16.660772
0.464052 16.673005
0.506961 16.638351
0.557458 16.311158
0.558241 16.286918
0.597590 15.942092
0.598534 15.914303
0.641790 15.794835
0.684695 15.917153
0.689182 15.893261
0.692729 15.940738
0.713086 15.985073
0.736111 16.002013
0.776289 16.088047
0.814052 16.177260
0.845996 16.225836
0.847634 16.222255
0.852680 16.232749
0.859558 16.242026
0.870543 16.237566
0.926360 16.321740
0.948500 16.357324
0.975643 16.378126
0.987162 16.388662
0.995784 16.390570
1.004789 16.411396
1.012844 16.424141
1.022130 16.441154
1.096430 16.505263
1.139270 16.549624
1.147329 16.559180
1.190705 16.579460
