0.005074 15.694032
0.034294 15.691053
0.039482 15.710739
0.044363 15.711154
0.057783 15.719796
0.092085 15.730378
0.106091 15.740951
0.112794 15.749442
0.120659 15.755158
0.126583 15.752340
0.147254 15.764047
0.186492 15.762792
0.198338 15.783504
0.208446 15.785701
0.223867 15.786403
0.290680 15.816723
0.294184 15.801530
0.300754 15.827186
0.306093 15.832263
0.314195 15.827946
0.327040 15.825601
0.329533 15.836752
0.369162 15.862627
0.398392 15.869219
0.437243 15.847994
0.453039 15.821370
0.470169 15.777100
0.476925 15.754962
0.480251 15.744957
0.532635 15.587574
0.562450 15.557198
0.572506 15.539464
0.577884 15.526628
0.587963 15.513249
0.640358 15.471701
0.670153 15.483387
0.680260 15.471954
0.733358 15.525763
0.762488 15.535001
0.797241 15.567701
0.834275 15.586116
0.835668 15.591809
0.844348 15.598254
0.859773 15.604047
0.862098 15.604918
0.864248 15.610879
0.879782 15.608942
0.890835 15.623027
0.904965 15.637583
0.926581 15.647035
0.936649 15.647910
0.941989 15.650131
0.952019 15.638700
0.969808 15.669937
0.987466 15.673456
1.005074 15.694032
1.034294 15.691053
1.039482 15.710739
1.044363 15.711154
1.057783 15.719796
1.092085 15.730378
1.106091 15.740951
1.112794 15.749442
1.120659 15.755158
1.126583 15.752340
1.147254 15.764047
1.186492 15.762792
1.198338 15.783504
