0.005030 16.306974
0.018177 16.303127
0.066278 16.374540
0.077701 16.375349
0.121432 16.438806
0.131552 16.430130
0.150029 16.475224
0.163164 16.484548
0.194869 16.483085
0.198791 16.459374
0.201295 16.473625
0.346292 16.499271
0.369525 16.494018
0.435767 16.520930
0.441311 16.526710
0.474462 16.475694
0.529173 16.106302
0.539935 16.331120
0.576157 16.128321
0.586309 16.083415
0.619398 15.790174
0.653108 15.669104
0.664640 15.607231
0.674169 16.019069
0.684983 15.734931
0.698405 15.884650
0.786412 16.016769
0.809634 16.010880
0.809731 16.062699
0.921228 16.196964
0.923968 16.205988
0.932714 16.210294
0.998228 16.300615
1.005030 16.306974
1.018177 16.303127
1.066278 16.374540
1.077701 16.375349
1.121432 16.438806
1.131552 16.430130
1.150029 16.475224
1.163164 16.484548
1.194869 16.483085
1.198791 16.459374
