0.018191 18.173833
0.030944 18.196824
0.110159 18.265298
0.121820 18.291867
0.173413 18.362776
0.219223 18.370306
0.231244 18.348555
0.244814 18.341241
0.257606 18.300187
0.260358 18.337568
0.309158 18.358588
0.354962 18.383426
0.367032 18.355943
0.380608 18.331850
0.505680 18.423160
0.566757 18.057525
0.597082 17.772410
0.604403 17.674085
0.641476 17.621976
0.673535 17.592463
0.678239 17.583190
0.745447 17.804624
0.746172 17.790514
0.799931 17.882550
0.803283 17.906007
0.809324 17.917388
0.815825 17.935283
0.882023 18.019839
0.895157 18.049292
0.903045 18.049492
0.937029 18.311862
1.018191 18.173833
1.030944 18.196824
1.110159 18.265298
1.121820 18.291867
1.173413 18.362776
