0.004730 17.583017
0.045025 17.588106
0.096676 17.529643
0.105296 17.603189
0.130145 17.531926
0.133902 17.426716
0.142034 17.597716
0.148172 17.567437
0.258889 17.559692
0.292124 17.616596
0.316005 17.626688
0.316979 17.582340
0.335006 17.559822
0.404128 17.576577
0.502835 17.597653
0.503212 17.544075
0.526321 17.360044
0.559996 17.532133
0.640893 17.383908
0.659272 17.323864
0.690060 17.289693
0.722984 17.398017
0.732755 17.321307
0.768547 17.374912
0.773380 17.308526
0.846110 17.426858
0.848929 17.459018
0.858183 17.595975
0.909813 17.244009
0.919599 17.444383
0.955276 17.524417
0.955462 17.495126
0.956837 17.477320
0.960264 17.433659
1.004730 17.583017
1.045025 17.588106
1.096676 17.529643
1.105296 17.603189
1.130145 17.531926
1.133902 17.426716
1.142034 17.597716
1.148172 17.567437
