0.000681 16.104978
0.017118 16.025922
0.019398 15.915806
0.068182 16.027901
0.108250 16.056365
0.109756 16.083560
0.133181 16.081819
0.138567 16.010312
0.151961 15.944201
0.181973 16.100164
0.202695 15.899979
0.222087 16.107720
0.223508 16.109570
0.252352 16.108426
0.259136 16.110284
0.271530 16.111778
0.300704 16.059694
0.316493 16.088460
0.329733 16.064731
0.376046 16.094287
0.406341 16.108967
0.414500 16.115968
0.415511 16.055684
0.452827 16.081632
0.492948 16.002410
0.494416 15.994638
0.502216 16.058486
0.520125 15.868256
0.539274 16.009504
0.600594 16.118041
0.608210 15.928134
0.616040 15.836292
0.714388 15.981086
0.723645 15.813635
0.760647 15.765711
0.767417 16.044087
0.797292 15.936975
0.810127 15.811382
0.826738 15.860448
0.837436 16.009447
0.847251 15.863344
0.874439 15.985561
0.881204 15.851756
0.886849 15.941980
0.899906 15.934129
0.903279 15.805627
0.923874 15.998582
0.940524 16.058469
0.941276 15.836141
0.960991 16.057774
1.000681 16.104978
1.017118 16.025922
1.019398 15.915806
1.068182 16.027901
1.108250 16.056365
1.109756 16.083560
1.133181 16.081819
1.138567 16.010312
1.151961 15.944201
1.181973 16.100164
