0.044702 20.173249
0.074246 20.180391
0.089588 20.249061
0.100113 20.212755
0.115213 20.077429
0.175326 20.205307
0.188225 20.246514
0.202143 20.097446
0.273331 20.135188
0.406238 19.564649
0.429354 19.640012
0.456943 20.099401
0.554785 19.987348
0.583221 20.095711
0.614957 20.128978
0.649962 20.056695
0.698302 20.186677
0.716993 20.100253
0.732611 20.154912
0.754751 20.019808
0.758481 20.281396
0.758947 20.102092
0.793548 20.161709
0.860518 20.194397
0.898276 20.183651
0.902533 20.217346
0.909884 20.144447
0.971781 20.162975
1.044702 20.173249
1.074246 20.180391
1.089588 20.249061
1.100113 20.212755
1.115213 20.077429
1.175326 20.205307
1.188225 20.246514
