0.018217 19.416314
0.033664 19.389983
0.040927 19.397123
0.047768 19.394391
0.064629 19.421030
0.077836 19.418357
0.105863 19.473220
0.109427 19.415589
0.113370 19.437553
0.117062 19.433561
0.163160 19.475452
0.186861 19.437544
0.191812 19.461442
0.228090 19.281991
0.235603 19.464332
0.249453 19.506004
0.251566 19.504788
0.324622 19.509005
0.371679 19.541229
0.376513 19.554310
0.407026 19.573814
0.407953 19.588667
0.429615 19.732047
0.453360 19.611762
0.454093 19.643162
0.477855 19.548245
0.482773 19.598152
0.498746 19.529774
0.526550 19.308771
0.528708 19.246141
0.551854 19.118634
0.575599 19.124188
0.576337 19.124054
0.582270 19.094327
0.620476 18.914708
0.636510 19.001700
0.651502 19.025095
0.697987 19.118125
0.758750 19.150304
0.789697 19.202810
0.816985 19.235046
0.867279 19.229853
0.895959 19.295038
0.911429 19.284841
0.911931 19.289591
0.925543 19.326896
0.955595 19.376477
0.987157 19.374711
0.994826 19.337197
1.018217 19.416314
1.033664 19.389983
1.040927 19.397123
1.047768 19.394391
1.064629 19.421030
1.077836 19.418357
1.105863 19.473220
1.109427 19.415589
1.113370 19.437553
1.117062 19.433561
1.163160 19.475452
1.186861 19.437544
1.191812 19.461442
