0.002657 18.403962
0.015993 18.388435
0.135025 18.383134
0.140305 18.479041
0.208713 18.502787
0.258312 18.530049
0.260197 18.542430
0.272666 18.472383
0.283198 18.410522
0.329617 18.563154
0.346362 18.578423
0.370361 18.358298
0.454150 18.656042
0.462734 18.656326
0.465371 18.658995
0.467264 18.656401
0.508011 18.349118
0.567553 18.047313
0.591790 18.255604
0.607912 18.248218
0.610723 18.045946
0.625896 17.911025
0.705192 17.901311
0.748364 18.051242
0.763550 17.955495
0.774343 18.238346
0.790377 18.250942
0.791089 18.142848
0.793014 18.243401
0.794852 18.250816
0.835657 18.047429
0.911981 18.349937
0.928690 18.139753
0.930664 18.380397
0.932605 18.355781
0.956483 18.383520
0.973305 18.164513
1.002657 18.403962
1.015993 18.388435
1.135025 18.383134
1.140305 18.479041
