0.011921 19.640902
0.049154 19.968008
0.055777 20.185796
0.072245 19.981960
0.112179 19.923301
0.143483 19.983004
0.205977 20.215733
0.212004 20.100025
0.224832 20.176344
0.282173 19.980394
0.286643 19.813007
0.337596 19.850308
0.356500 19.841161
0.358010 19.402398
0.362435 19.863614
0.371979 19.562384
0.413778 19.860847
0.456760 19.837028
0.478495 19.803062
0.489581 19.511055
0.494051 19.876668
0.503593 19.458221
0.588423 19.773908
0.698649 19.759260
0.901704 19.948824
0.909263 20.145462
0.917541 19.942309
0.940629 19.994524
0.980566 20.175584
1.011921 19.640902
1.049154 19.968008
1.055777 20.185796
1.072245 19.981960
1.112179 19.923301
1.143483 19.983004
