0.017304 17.982449
0.037406 17.928915
0.054126 17.965662
0.114934 17.979236
0.193645 18.016303
0.239731 17.962152
0.275081 18.055589
0.300774 18.059565
0.301248 18.137255
0.318451 18.083754
0.399850 18.146888
0.426059 18.023921
0.474703 18.105367
0.476054 17.979019
0.527282 17.838119
0.600860 17.719842
0.615524 17.720704
0.632240 17.740155
0.653823 17.498306
0.678711 17.809549
0.681712 17.761659
0.740342 17.738646
0.757096 17.818982
0.771771 17.754860
0.803521 17.889900
0.806510 17.817009
0.873281 17.893055
0.896575 17.837562
0.924709 17.837828
1.017304 17.982449
1.037406 17.928915
1.054126 17.965662
1.114934 17.979236
1.193645 18.016303
