0.010789 16.185632
0.049022 16.215748
0.056362 16.236961
0.076595 16.255370
0.080054 16.245096
0.086182 16.278947
0.087409 16.281846
0.096122 16.279217
0.099477 16.289193
0.106850 16.296635
0.115080 16.305490
0.134530 16.323716
0.147025 16.331460
0.180993 16.356339
0.199708 16.357998
0.203561 16.365489
0.206416 16.378205
0.219240 16.371053
0.227423 16.368243
0.227423 16.374817
0.238174 16.367606
0.246811 16.367513
0.257626 16.372587
0.285233 16.365100
0.297811 16.362633
0.317243 16.367104
0.340607 16.371513
0.369998 16.382303
0.373783 16.389682
0.376645 16.386669
0.388933 16.373551
0.397641 16.376828
0.436081 16.413073
0.455018 16.425862
0.487340 16.470362
0.501218 16.471274
0.504650 16.482157
0.510820 16.481180
0.512021 16.463481
0.520747 16.460002
0.539630 16.353002
0.548355 16.231568
0.559150 16.142794
0.564269 16.078244
0.625243 15.405074
0.628155 15.405052
0.643855 15.421567
0.652039 15.439433
0.662728 15.489975
0.671498 15.484410
0.674873 15.529169
0.682176 15.544421
0.690468 15.572534
0.722414 15.673575
0.731264 15.673417
0.734478 15.689953
0.762883 15.767404
0.775093 15.779096
0.794555 15.817529
0.798380 15.859632
0.813554 15.885172
0.822256 15.886651
0.833009 15.923527
0.860687 15.972823
0.886156 16.016669
0.892635 16.033770
0.915972 16.058979
0.925842 16.061732
0.933109 16.082385
0.945373 16.089942
0.953496 16.104646
0.964313 16.128936
0.983770 16.153187
0.984124 16.139879
0.997417 16.131381
1.010789 16.185632
1.049022 16.215748
1.056362 16.236961
1.076595 16.255370
1.080054 16.245096
1.086182 16.278947
1.087409 16.281846
1.096122 16.279217
1.099477 16.289193
1.106850 16.296635
1.115080 16.305490
1.134530 16.323716
1.147025 16.331460
1.180993 16.356339
1.199708 16.357998
