0.000476 20.729824
0.057521 20.715582
0.128219 20.733880
0.142310 20.637698
0.203986 20.941246
0.254237 20.898126
0.298649 20.739120
0.328187 20.899173
0.330403 20.756734
0.333390 20.876463
0.429694 20.805172
0.484548 20.933566
0.487221 20.611614
0.500389 20.751906
0.532218 20.543392
0.534230 20.765203
0.574597 20.323875
0.656746 20.463300
0.688500 20.473490
0.730954 20.213093
0.760053 20.200008
0.829889 20.158280
0.901114 20.692871
0.915938 20.400001
1.000476 20.729824
1.057521 20.715582
1.128219 20.733880
1.142310 20.637698
