0.027918 18.510232
0.054192 18.634503
0.096255 18.673922
0.096735 18.646190
0.099369 18.624159
0.103525 18.565850
0.176696 18.664004
0.177146 18.646943
0.193681 18.737201
0.193869 18.740978
0.216615 18.783130
0.242793 18.555275
0.258547 18.804111
0.259093 18.736876
0.261771 18.714604
0.265886 18.740092
0.303342 18.655752
0.339040 18.729901
0.351514 18.765394
0.356226 18.771383
0.369082 18.630110
0.445628 18.827332
0.465703 18.600144
0.494877 18.500599
0.502760 18.486308
0.513851 18.762978
0.531483 18.277554
0.544046 18.456378
0.608026 18.180973
0.644998 17.776567
0.709808 17.935205
0.710280 17.961506
0.725462 18.091803
0.742435 18.052876
0.807415 18.232239
0.852164 18.343165
0.865581 18.361541
0.887804 18.364578
0.904777 18.366732
0.930501 18.413395
1.027918 18.510232
1.054192 18.634503
1.096255 18.673922
1.096735 18.646190
1.099369 18.624159
1.103525 18.565850
1.176696 18.664004
1.177146 18.646943
1.193681 18.737201
1.193869 18.740978
