0.035755 18.856933
0.058041 18.842677
0.060063 18.830056
0.092181 18.915788
0.102110 18.867731
0.129956 18.938669
0.134951 18.911453
0.170559 18.945594
0.176496 18.943077
0.198786 18.961274
0.233246 18.949935
0.295313 19.011200
0.323071 19.029367
0.373971 19.088683
0.436107 19.150236
0.437117 19.139653
0.463813 19.156509
0.464920 19.167647
0.560008 18.550369
0.581746 18.395150
0.680257 18.445613
0.700751 18.475937
0.713526 18.508539
0.722469 18.512833
0.771112 18.607361
0.798730 18.624668
0.854271 18.717205
0.919320 18.774625
0.939496 18.766268
0.951436 18.800960
0.960365 18.788277
0.977204 18.818868
0.994227 18.830993
1.035755 18.856933
1.058041 18.842677
1.060063 18.830056
1.092181 18.915788
1.102110 18.867731
1.129956 18.938669
1.134951 18.911453
1.170559 18.945594
1.176496 18.943077
1.198786 18.961274
