0.020815 17.829277
0.049396 17.899596
0.070277 17.867803
0.090788 17.908087
0.131555 17.930150
0.213146 17.974298
0.278534 17.942873
0.281769 17.970750
0.320803 18.001889
0.333022 17.979804
0.347749 17.989371
0.388101 17.974598
0.406942 18.033403
0.428747 18.057957
0.448384 18.092346
0.474412 18.063232
0.483250 18.075118
0.538315 17.809958
0.678395 17.342976
0.705332 17.378687
0.770766 17.513230
0.798823 17.568774
0.825202 17.617017
0.833942 17.590384
0.855560 17.652437
0.920982 17.715103
0.975433 17.807760
0.992858 17.806992
1.020815 17.829277
1.049396 17.899596
1.070277 17.867803
1.090788 17.908087
1.131555 17.930150
