0.056452 19.721174
0.063447 19.815920
0.066800 19.704375
0.073937 19.833437
0.143151 19.942180
0.146502 19.827019
0.174515 19.866963
0.208523 19.931616
0.211859 19.859796
0.225104 19.965935
0.322988 19.829791
0.335636 19.852312
0.355487 19.813194
0.438617 19.894141
0.453112 19.811508
0.484032 19.753973
0.561778 19.811007
0.565121 19.683280
0.587016 19.814052
0.644830 19.658363
0.708073 19.592095
0.710639 19.552985
0.713985 19.457129
0.795524 19.764201
0.845831 19.720123
0.906715 19.777305
0.908055 19.744678
0.925543 19.773884
0.994736 19.662725
0.998091 19.747202
1.056452 19.721174
1.063447 19.815920
1.066800 19.704375
1.073937 19.833437
1.143151 19.942180
1.146502 19.827019
1.174515 19.866963
