0.006077 17.488070
0.016258 17.474668
0.060716 17.500176
0.123150 17.548786
0.129874 17.550147
0.163578 17.559937
0.171774 17.580482
0.190317 17.567079
0.280683 17.564410
0.282039 17.581961
0.291314 17.577132
0.344932 17.620558
0.450455 17.660053
0.461958 17.654279
0.468975 17.647981
0.489890 17.610000
0.514597 17.421679
0.560707 17.291316
0.712251 17.226688
0.740667 17.255287
0.829278 17.338244
0.851214 17.356781
0.867868 17.368628
0.868384 17.368053
0.884983 17.373141
0.943646 17.418048
0.984969 17.461795
0.985446 17.449440
1.006077 17.488070
1.016258 17.474668
1.060716 17.500176
1.123150 17.548786
1.129874 17.550147
1.163578 17.559937
1.171774 17.580482
1.190317 17.567079
