0.049593 18.324433
0.081920 18.330712
0.087740 18.295563
0.092933 18.269547
0.103995 18.289733
0.198564 18.393001
0.204425 18.387381
0.209604 18.333749
0.220712 18.352614
0.301105 18.436469
0.372937 18.425324
0.396031 18.369051
0.417776 18.440058
0.482173 18.432543
0.486647 18.333676
0.578416 18.010584
0.598861 18.098557
0.599126 18.001873
0.650682 17.931007
0.673775 18.081418
0.695058 18.019324
0.736247 17.987903
0.767367 17.972972
0.788132 18.190698
0.790462 17.975538
0.852936 18.063029
0.904819 18.148232
0.932921 18.264179
1.049593 18.324433
1.081920 18.330712
1.087740 18.295563
1.092933 18.269547
1.103995 18.289733
1.198564 18.393001
