0.022132 15.984881
0.050245 16.012736
0.093141 16.016996
0.149859 16.073532
0.165623 16.092864
0.195915 16.088219
0.236684 16.113890
0.293802 16.138819
0.327828 16.136051
0.339381 16.154671
0.355524 16.186057
0.437342 16.202542
0.471373 16.186191
0.491404 16.133639
0.692456 15.424108
0.747110 15.548762
0.751655 15.576684
0.790600 15.641401
0.842852 15.743150
0.890577 15.789261
0.929304 15.865438
0.934254 15.850442
0.952315 15.896932
0.986339 15.920361
1.022132 15.984881
1.050245 16.012736
1.093141 16.016996
1.149859 16.073532
1.165623 16.092864
1.195915 16.088219
