0.061470 18.221942
0.062361 18.251929
0.180855 18.335671
0.188434 18.283889
0.256923 18.338851
0.306821 18.305023
0.316096 18.340318
0.374872 18.284744
0.461574 18.327187
0.484935 18.359123
0.580026 18.031348
0.597890 17.850922
0.603341 17.906186
0.631110 17.803636
0.661235 17.787892
0.681390 17.800266
0.748835 17.926046
0.749497 17.892154
0.780617 17.952001
0.786457 17.963177
0.867193 18.046678
0.904845 18.085280
0.943023 18.106216
0.975086 18.121886
1.061470 18.221942
1.062361 18.251929
1.180855 18.335671
1.188434 18.283889
