0.028983 18.661766
0.039426 18.624656
0.043052 18.682771
0.170327 18.805566
0.184422 18.848458
0.275718 18.866926
0.349112 18.839711
0.375926 18.861693
0.384685 18.862048
0.417140 18.790421
0.420306 18.800006
0.435429 18.753713
0.490464 18.905803
0.494057 18.919287
0.517297 18.922149
0.535162 18.879748
0.561680 18.622595
0.634646 17.902676
0.635411 17.893634
0.676480 17.993270
0.752230 18.219982
0.775986 18.270756
0.784625 18.313107
0.898058 18.478015
0.925943 18.493925
0.939271 18.556657
1.028983 18.661766
1.039426 18.624656
1.043052 18.682771
1.170327 18.805566
1.184422 18.848458
