0.000485 17.279511
0.064488 17.322456
0.229579 17.432805
0.235275 17.449630
0.250136 17.426964
0.337187 17.433804
0.348900 17.453430
0.354638 17.461679
0.456490 17.336534
0.458923 17.362711
0.521187 17.380408
0.535697 17.488396
0.538112 17.446800
0.578242 17.254241
0.631276 16.923387
0.638651 16.947794
0.651667 16.781479
0.657432 16.731673
0.686271 16.851632
0.739113 16.894165
0.770985 16.976593
0.805153 17.067283
0.819717 17.135410
0.824390 17.084189
0.831995 17.144240
0.846811 17.109119
0.858460 17.091082
0.881138 17.153421
0.924518 17.215369
0.945170 17.232642
0.951312 17.228458
0.966129 17.218902
1.000485 17.279511
1.064488 17.322456
