0.044352 20.777551
0.047277 20.798606
0.067284 20.657165
0.082612 20.930422
0.209458 21.026224
0.225027 20.570930
0.351535 21.027763
0.366764 20.656962
0.369328 20.904557
0.417058 20.890247
0.496222 20.691673
0.508884 20.858644
0.509833 20.645299
0.552164 20.672727
0.590649 20.482765
0.624988 20.449380
0.653627 20.773269
0.738445 20.496504
0.744918 20.347945
0.798266 20.378991
0.865351 20.514706
0.873617 20.461973
0.892681 20.415242
0.938856 20.591401
0.967255 20.574514
1.044352 20.777551
1.047277 20.798606
1.067284 20.657165
1.082612 20.930422
