0.081592 15.938350
0.095276 15.924893
0.105736 16.058056
0.128938 16.037965
0.129953 16.019032
0.137119 15.949590
0.217592 16.009086
0.222868 16.060891
0.235621 15.974607
0.253298 16.138268
0.273804 16.030398
0.282931 16.091635
0.283867 16.062759
0.288376 16.172663
0.291117 16.027543
0.297913 16.186395
0.338989 16.210690
0.371590 16.119658
0.388000 16.056476
0.407353 16.154309
0.427798 16.048537
0.431289 16.181605
0.442289 16.187649
0.472370 16.190111
0.473665 16.227858
0.482117 16.172300
0.585281 15.401461
0.608391 15.299548
0.626365 15.084103
0.627639 15.259656
0.636112 15.467444
0.664461 15.082482
0.705530 15.250929
0.754549 15.506826
0.762387 15.463064
0.794348 15.697739
0.818395 15.563962
0.907259 15.836197
0.910824 15.768100
0.951827 15.856421
1.081592 15.938350
1.095276 15.924893
1.105736 16.058056
1.128938 16.037965
1.129953 16.019032
1.137119 15.949590
