0.005892 15.964541
0.022382 15.968155
0.047592 15.992266
0.084107 16.009492
0.087442 16.005744
0.121186 16.036442
0.153932 16.048343
0.162371 16.047053
0.165667 16.043928
0.180796 16.052038
0.197250 16.059055
0.225373 16.076380
0.259013 16.096896
0.271950 16.108806
0.275465 16.102006
0.278693 16.112060
0.287120 16.132587
0.303533 16.131541
0.337229 16.165686
0.345898 16.179853
0.350194 16.175106
0.365297 16.199921
0.371918 16.196191
0.380495 16.196519
0.381769 16.200205
0.443553 16.169551
0.478243 16.024113
0.493275 15.962252
0.525070 15.850235
0.540203 15.794291
0.553178 15.785163
0.556653 15.778393
0.584772 15.696139
0.599022 15.697089
0.618388 15.696895
0.626761 15.706339
0.631393 15.696627
0.634874 15.691454
0.662977 15.711536
0.696636 15.750519
0.709593 15.758377
0.724701 15.773042
0.733088 15.784133
0.750526 15.788580
0.802961 15.824015
0.806221 15.829449
0.837849 15.848706
0.848483 15.857600
0.856855 15.856952
0.865975 15.865609
0.884472 15.871693
0.912585 15.890667
0.916018 15.893746
0.944172 15.915550
0.954807 15.917981
0.977823 15.946145
0.990795 15.936186
1.005892 15.964541
1.022382 15.968155
1.047592 15.992266
1.084107 16.009492
1.087442 16.005744
1.121186 16.036442
1.153932 16.048343
1.162371 16.047053
1.165667 16.043928
1.180796 16.052038
1.197250 16.059055
