0.012771 16.448237
0.019500 16.445947
0.117501 16.542733
0.140352 16.556215
0.150837 16.583563
0.202523 16.587726
0.259298 16.596709
0.271671 16.613213
0.284130 16.618632
0.300467 16.613044
0.421332 16.645911
0.428064 16.649581
0.436471 16.716215
0.485142 16.658104
0.546961 16.606624
0.548918 16.425599
0.604298 15.925409
0.606793 16.000158
0.611032 15.903998
0.617543 15.883268
0.623172 16.032445
0.633786 15.889767
0.708992 16.048058
0.731884 16.108404
0.738379 16.139869
0.744006 16.251712
0.777494 16.194085
0.829843 16.248791
0.891964 16.312137
0.898328 16.336787
1.012771 16.448237
1.019500 16.445947
1.117501 16.542733
1.140352 16.556215
1.150837 16.583563
