0.032156 17.994584
0.039979 18.014586
0.045391 17.963802
0.074203 18.085972
0.114755 18.104458
0.129789 18.071957
0.171292 18.107163
0.215957 18.108323
0.223297 18.106769
0.225605 18.131714
0.235681 18.097099
0.271546 18.150289
0.313032 18.147390
0.357685 18.166111
0.368624 18.180693
0.408862 18.128569
0.413292 18.237981
0.454789 18.289514
0.510374 18.289187
0.551799 17.998071
0.596467 17.238854
0.599759 17.307560
0.607472 17.174258
0.620034 17.174301
0.652061 17.351456
0.661793 17.354159
0.671857 17.499659
0.693617 17.449631
0.728764 17.471714
0.749135 17.586745
0.782975 17.642493
0.793867 17.697180
0.803285 17.645791
0.835374 17.751234
0.890960 17.825330
0.932449 17.886063
0.977114 17.945993
0.988046 17.961600
1.032156 17.994584
1.039979 18.014586
1.045391 17.963802
1.074203 18.085972
1.114755 18.104458
1.129789 18.071957
1.171292 18.107163
