0.071938 16.239090
0.090727 16.244355
0.163393 16.305144
0.177969 16.322412
0.196644 16.322372
0.295583 16.345042
0.296726 16.347349
0.315339 16.343967
0.317657 16.358864
0.329915 16.349382
0.370005 16.367282
0.421380 16.334987
0.448671 16.310003
0.469581 16.388665
0.483122 16.079641
0.521928 16.344530
0.558316 15.851508
0.597393 15.906546
0.664343 15.626182
0.677017 15.566611
0.692050 15.654262
0.692190 15.710335
0.710204 15.694774
0.749315 15.600637
0.783104 15.767102
0.794663 15.747810
0.804103 15.782099
0.816291 15.911240
0.817716 15.786024
0.828965 15.878810
0.883552 15.952740
0.933906 16.145771
0.934993 16.041305
0.938803 15.970411
0.946527 16.078285
0.956031 16.094884
1.071938 16.239090
1.090727 16.244355
1.163393 16.305144
1.177969 16.322412
1.196644 16.322372
