0.016914 16.433251
0.043474 16.438152
0.069972 16.451174
0.094630 16.461807
0.110788 16.477403
0.137331 16.489837
0.163178 16.496255
0.180707 16.493503
0.211395 16.505426
0.227507 16.514435
0.254093 16.516305
0.280622 16.533169
0.310310 16.555481
0.315042 16.558244
0.321048 16.532999
0.328216 16.582093
0.347947 16.571984
0.364709 16.597983
0.393924 16.594810
0.431838 16.605798
0.438167 16.594887
0.458592 16.563927
0.464710 16.556627
0.502129 16.380483
0.505484 16.409497
0.558556 16.294125
0.575401 16.271440
0.622248 16.206727
0.675320 16.204151
0.716050 16.226202
0.742595 16.257571
0.743574 16.250537
0.752453 16.269175
0.832858 16.315374
0.859402 16.330279
0.860320 16.338115
0.869220 16.344450
0.900182 16.357707
0.926712 16.396585
0.953252 16.382858
1.016914 16.433251
1.043474 16.438152
1.069972 16.451174
1.094630 16.461807
1.110788 16.477403
1.137331 16.489837
1.163178 16.496255
1.180707 16.493503
