0.020749 17.980136
0.027829 17.977600
0.030321 17.968062
0.075588 18.017665
0.105730 18.055686
0.133430 18.046112
0.145463 18.043224
0.153242 18.062847
0.198478 18.068484
0.258164 18.079060
0.268079 18.095242
0.296081 18.117074
0.311115 18.129488
0.323050 18.128098
0.363398 18.182327
0.380779 18.174632
0.408780 18.186203
0.425935 18.182112
0.435748 18.157766
0.456537 18.121025
0.478821 18.023383
0.534185 17.845440
0.538806 17.857865
0.573657 17.771135
0.591543 17.765597
0.646882 17.738966
0.686339 17.738154
0.694635 17.671308
0.724786 17.795828
0.789735 17.851354
0.800048 17.865782
0.837482 17.838215
0.915089 17.914398
0.962890 17.937223
1.020749 17.980136
1.027829 17.977600
1.030321 17.968062
1.075588 18.017665
1.105730 18.055686
1.133430 18.046112
1.145463 18.043224
1.153242 18.062847
1.198478 18.068484
