0.056198 17.006205
0.059927 17.006090
0.073995 17.038402
0.107963 17.054372
0.118376 17.063795
0.221103 17.099870
0.239049 17.098034
0.306339 17.116740
0.319258 17.136845
0.320873 17.130799
0.331409 17.134778
0.379996 17.140158
0.485503 17.284989
0.485936 17.271404
0.500549 17.280921
0.505567 17.275400
0.510576 17.304630
0.637316 16.174473
0.647504 16.199732
0.665643 16.271112
0.684735 16.294940
0.713614 16.390736
0.715157 16.398795
0.725649 16.426715
0.806526 16.627064
0.844836 16.710692
0.894282 16.774325
0.894827 16.781176
0.904880 16.798752
0.904944 16.799251
0.937048 16.828427
0.939183 16.843753
0.985683 16.907046
1.056198 17.006205
1.059927 17.006090
1.073995 17.038402
1.107963 17.054372
1.118376 17.063795
