0.047570 15.236626
0.055256 15.251250
0.066761 15.259441
0.073154 15.258862
0.114895 15.307944
0.206048 15.338106
0.218595 15.343347
0.221846 15.340005
0.241033 15.334397
0.274177 15.355419
0.372542 15.353617
0.406356 15.382544
0.424912 15.412656
0.431950 15.426384
0.526664 15.392304
0.557169 14.996557
0.582564 14.776845
0.669539 14.604747
0.677399 14.626487
0.708668 14.726641
0.731437 14.774929
0.736997 14.798500
0.750256 14.807830
0.764645 14.841438
0.820214 14.935541
0.820564 14.937687
0.859424 15.000747
0.859811 15.000248
0.863012 15.010426
0.896813 15.057800
0.915382 15.069929
0.916008 15.076708
0.922419 15.081132
0.971297 15.143476
1.047570 15.236626
1.055256 15.251250
1.066761 15.259441
1.073154 15.258862
1.114895 15.307944
