0.001427 16.367795
0.033181 16.425566
0.050424 16.438235
0.086138 16.483324
0.154750 16.557264
0.161009 16.538768
0.184488 16.535192
0.327123 16.633939
0.333214 16.571795
0.340892 16.599958
0.361810 16.606023
0.389938 16.595046
0.408216 16.644635
0.408399 16.618455
0.425645 16.578775
0.462725 16.661348
0.480399 16.281290
0.483508 16.639854
0.483825 16.685442
0.504466 16.366147
0.515321 16.417153
0.532407 16.738433
0.547884 16.209919
0.551035 16.248032
0.552516 16.316131
0.568170 16.108744
0.623010 15.977860
0.643139 15.964908
0.672672 15.869344
0.690520 15.990450
0.747673 15.951427
0.815286 16.164347
0.843888 16.200904
0.858813 16.154638
0.871870 16.170245
0.890361 16.229908
0.890533 16.242650
0.907789 16.291015
0.986500 16.383867
1.001427 16.367795
1.033181 16.425566
1.050424 16.438235
1.086138 16.483324
1.154750 16.557264
1.161009 16.538768
1.184488 16.535192
