0.032031 18.086303
0.036373 18.043603
0.044657 18.034422
0.055462 18.100537
0.106693 18.069116
0.145109 18.164737
0.150258 18.173461
0.165718 18.107495
0.227752 18.111798
0.295169 18.211761
0.310203 18.196610
0.387220 18.261591
0.431185 18.304630
0.464663 18.337862
0.496327 18.315687
0.508279 18.244788
0.509876 18.291649
0.566877 17.675572
0.630915 17.435472
0.687960 17.541377
0.692280 17.627843
0.752810 17.736855
0.770643 17.731305
0.796433 17.834941
0.818540 17.768412
0.862152 17.874927
0.873866 17.875038
0.891681 17.827888
0.910971 17.955062
0.915290 17.905074
0.917426 17.951379
0.980433 18.016014
1.032031 18.086303
1.036373 18.043603
1.044657 18.034422
1.055462 18.100537
1.106693 18.069116
1.145109 18.164737
1.150258 18.173461
1.165718 18.107495
