0.004660 16.944776
0.038649 16.971373
0.075198 17.002229
0.134280 17.030945
0.146934 17.039574
0.155987 17.043037
0.164114 17.043649
0.185393 17.020610
0.226846 17.068070
0.282405 17.094507
0.285846 17.103013
0.315738 17.121713
0.441245 17.206498
0.466392 17.145859
0.526793 16.834752
0.587815 16.649749
0.592873 16.648468
0.643375 16.619826
0.672718 16.665219
0.678416 16.667846
0.714234 16.709874
0.795023 16.784121
0.824411 16.823052
0.921385 16.896755
0.979308 16.930899
0.995285 16.957098
1.004660 16.944776
1.038649 16.971373
1.075198 17.002229
1.134280 17.030945
1.146934 17.039574
1.155987 17.043037
1.164114 17.043649
1.185393 17.020610
