0.015735 17.248988
0.063416 17.290556
0.069982 17.289603
0.072584 17.298042
0.093467 17.304342
0.094895 17.304551
0.100678 17.301729
0.121220 17.311887
0.197945 17.366068
0.200599 17.357813
0.204542 17.361904
0.237829 17.366516
0.255849 17.378426
0.291406 17.385877
0.365842 17.444826
0.386111 17.465451
0.425971 17.507472
0.460474 17.545392
0.536272 17.086254
0.553982 17.050944
0.560548 17.046613
0.588467 16.919629
0.621697 16.803204
0.630706 16.801383
0.637264 16.815813
0.664284 16.861970
0.688558 16.889858
0.729139 17.001236
0.749736 16.971972
0.765277 17.008541
0.790191 17.033944
0.857080 17.153735
0.858687 17.104612
0.887744 17.148535
0.965477 17.213514
0.972685 17.229139
0.986699 17.234704
0.993258 17.209116
1.015735 17.248988
1.063416 17.290556
1.069982 17.289603
1.072584 17.298042
1.093467 17.304342
1.094895 17.304551
1.100678 17.301729
1.121220 17.311887
1.197945 17.366068
