0.041653 16.556518
0.043323 16.570970
0.044017 16.565837
0.104879 16.595387
0.137296 16.613096
0.177097 16.635103
0.206912 16.643043
0.232932 16.658669
0.271066 16.659372
0.285865 16.671433
0.302543 16.661960
0.320835 16.639001
0.340633 16.683517
0.362440 16.704181
0.392941 16.752051
0.419585 16.780704
0.436314 16.785181
0.462328 16.806716
0.493830 16.752312
0.526714 16.554006
0.586367 16.150332
0.589475 16.138750
0.597056 16.059775
0.652789 16.073574
0.659101 16.093280
0.685115 16.132380
0.730655 16.208696
0.738051 16.224509
0.754675 16.238719
0.780745 16.281996
0.786541 16.285101
0.792874 16.296989
0.850363 16.368612
0.862445 16.386446
0.888497 16.415625
0.914466 16.431351
0.946007 16.471506
0.967456 16.496666
0.984133 16.506179
1.041653 16.556518
1.043323 16.570970
1.044017 16.565837
1.104879 16.595387
1.137296 16.613096
1.177097 16.635103
