0.018721 15.512700
0.038641 15.518324
0.043336 15.531581
0.066545 15.544964
0.092382 15.564002
0.109509 15.607499
0.117058 15.584273
0.120513 15.615437
0.161314 15.663779
0.166027 15.637508
0.251653 15.662223
0.251689 15.664677
0.287488 15.668946
0.310765 15.683181
0.336568 15.714669
0.374348 15.764545
0.374384 15.746662
0.401560 15.801353
0.410227 15.820843
0.433411 15.858757
0.445797 15.841827
0.458067 15.860794
0.473299 15.838640
0.481288 15.852379
0.507111 15.735308
0.565504 15.207040
0.580759 14.959592
0.595972 14.906351
0.603982 14.873549
0.668440 14.978751
0.669197 14.995036
0.687546 15.009081
0.702271 15.064444
0.725499 15.115734
0.737793 15.124737
0.751297 15.163235
0.791065 15.233548
0.810268 15.242462
0.824965 15.285386
0.836916 15.291121
0.848191 15.328171
0.857499 15.347953
0.860531 15.337986
0.872800 15.367859
0.895981 15.396315
0.921840 15.428957
0.959421 15.462299
0.961248 15.469220
0.980240 15.460553
0.995452 15.502040
1.018721 15.512700
1.038641 15.518324
1.043336 15.531581
1.066545 15.544964
1.092382 15.564002
1.109509 15.607499
1.117058 15.584273
1.120513 15.615437
1.161314 15.663779
1.166027 15.637508
