0.035693 16.992618
0.050842 17.004276
0.076187 17.005611
0.091329 17.025734
0.113126 17.024787
0.118005 17.044715
0.153009 17.079092
0.181014 17.113247
0.197127 17.106276
0.199779 17.146746
0.214967 17.145233
0.272486 17.121876
0.276648 17.132747
0.304634 17.145878
0.329985 17.155420
0.344337 17.190622
0.467980 17.320652
0.484897 17.288604
0.494076 17.251567
0.509170 17.175227
0.598886 16.297822
0.617737 16.296596
0.632856 16.324241
0.673398 16.393574
0.707060 16.497526
0.722509 16.522851
0.735068 16.548053
0.747913 16.580017
0.750465 16.581801
0.779190 16.658155
0.781888 16.646971
0.797035 16.676276
0.823830 16.748786
0.858709 16.799861
0.874084 16.812114
0.902829 16.874828
0.912055 16.877277
0.927201 16.889908
0.941827 16.921754
0.989508 16.950369
1.035693 16.992618
1.050842 17.004276
1.076187 17.005611
1.091329 17.025734
1.113126 17.024787
1.118005 17.044715
1.153009 17.079092
1.181014 17.113247
1.197127 17.106276
1.199779 17.146746
