0.025892 16.092008
0.085824 16.159523
0.125881 16.174476
0.138206 16.172004
0.169321 16.205404
0.185244 16.202651
0.220996 16.225931
0.259396 16.211724
0.260041 16.218155
0.275945 16.218964
0.320408 16.244469
0.347540 16.248565
0.394570 16.304947
0.395244 16.328446
0.398667 16.334300
0.482742 16.380193
0.491067 16.281503
0.533795 15.832594
0.590381 15.684810
0.595054 15.783750
0.597698 15.697025
0.628909 15.594465
0.668913 15.806067
0.669225 15.594383
0.716319 15.829248
0.716945 15.771656
0.725501 15.759406
0.728403 15.798941
0.730155 15.652305
0.764079 15.823490
0.804375 15.849167
0.804435 15.791369
0.851490 15.977329
0.863556 15.959008
0.907879 16.003448
0.938422 16.035942
0.945272 16.038352
0.947980 16.039568
0.990709 16.065619
0.996938 16.116054
1.025892 16.092008
1.085824 16.159523
1.125881 16.174476
1.138206 16.172004
1.169321 16.205404
1.185244 16.202651
