0.002361 16.234594
0.006200 16.216492
0.025082 16.319260
0.046873 16.335389
0.104899 16.396550
0.123015 16.448211
0.126785 16.450405
0.142924 16.435196
0.151117 16.415550
0.209583 16.477601
0.311275 16.471042
0.353646 16.489687
0.372541 16.474805
0.391192 16.527441
0.412910 16.510243
0.455289 16.582415
0.496024 16.468492
0.499409 16.612393
0.514680 16.575528
0.516607 16.588677
0.554130 16.408172
0.575932 16.009662
0.618311 15.426857
0.658738 15.482015
0.662343 15.411168
0.711496 15.657965
0.744823 15.826728
0.755032 15.735823
0.760428 15.823078
0.802788 15.930683
0.821696 15.981708
0.862060 16.060028
0.874456 16.081803
0.883853 16.122720
0.904438 16.135810
0.941964 16.171780
0.963824 16.226094
0.988185 16.267906
1.002361 16.234594
1.006200 16.216492
1.025082 16.319260
1.046873 16.335389
1.104899 16.396550
1.123015 16.448211
1.126785 16.450405
1.142924 16.435196
1.151117 16.415550
