0.024513 15.612995
0.053911 15.610651
0.073068 15.630012
0.112270 15.652888
0.112491 15.657903
0.117240 15.646680
0.177276 15.685297
0.181000 15.684985
0.196172 15.695292
0.235543 15.693308
0.240538 15.697622
0.246768 15.703876
0.288223 15.703305
0.366554 15.768827
0.370071 15.774933
0.394688 15.794787
0.470805 15.810716
0.474486 15.804171
0.489919 15.739664
0.518036 15.629749
0.529122 15.473817
0.597805 15.259930
0.652440 15.235790
0.656223 15.238679
0.663563 15.246886
0.688495 15.269259
0.695413 15.288225
0.760424 15.355356
0.783455 15.389554
0.786863 15.389705
0.811792 15.416134
0.818734 15.423847
0.818955 15.430927
0.949751 15.544975
1.024513 15.612995
1.053911 15.610651
1.073068 15.630012
1.112270 15.652888
1.112491 15.657903
1.117240 15.646680
1.177276 15.685297
1.181000 15.684985
1.196172 15.695292
