0.054393 13.353510
0.078431 13.367251
0.096832 13.398210
0.102453 13.383521
0.150457 13.412180
0.179373 13.426384
0.190806 13.431228
0.203433 13.437669
0.352945 13.494656
0.360476 13.517517
0.378256 13.539667
0.395741 13.531552
0.419773 13.553255
0.431130 13.563642
0.453888 13.564669
0.485433 13.518477
0.491839 13.504974
0.501089 13.395483
0.520714 13.325535
0.531888 13.125744
0.532148 13.184873
0.544772 13.163291
0.602053 12.975050
0.618619 12.964298
0.632854 12.976378
0.737049 13.074397
0.761114 13.104499
0.781902 13.140476
0.785132 13.134274
0.809153 13.151636
0.833204 13.174652
0.838068 13.182639
0.842379 13.196328
0.858165 13.226020
0.862093 13.202031
0.882904 13.233798
0.886112 13.223549
0.910133 13.243026
0.943346 13.278755
1.054393 13.353510
1.078431 13.367251
1.096832 13.398210
1.102453 13.383521
1.150457 13.412180
1.179373 13.426384
1.190806 13.431228
