0.000074 15.853306
0.041397 15.874517
0.044327 15.902081
0.066569 15.922787
0.103590 15.945547
0.142236 15.945259
0.184537 15.976197
0.192450 15.987755
0.204485 15.989399
0.217371 15.994570
0.227247 15.993926
0.240143 16.010738
0.251002 16.014738
0.285367 16.054766
0.293305 16.056060
0.306608 16.067138
0.318188 16.068801
0.407492 16.153888
0.444552 16.155937
0.491010 16.010830
0.530178 15.677953
0.533372 15.681224
0.545370 15.657241
0.558254 15.606407
0.623396 15.444833
0.631018 15.439372
0.634229 15.443447
0.636408 15.453979
0.647556 15.461856
0.724252 15.586770
0.762471 15.602464
0.785474 15.656762
0.790442 15.673535
0.845398 15.745201
0.863541 15.757783
0.871050 15.736618
0.876451 15.743603
0.886329 15.743415
0.891333 15.753642
0.899216 15.756486
0.946238 15.658405
0.971893 15.824715
0.977306 15.827963
1.000074 15.853306
1.041397 15.874517
1.044327 15.902081
1.066569 15.922787
1.103590 15.945547
1.142236 15.945259
1.184537 15.976197
1.192450 15.987755
