0.004963 18.801613
0.031917 18.867552
0.056544 18.928635
0.101829 18.917729
0.107730 18.905038
0.110777 18.961546
0.144791 18.938927
0.171846 18.955371
0.214809 18.988132
0.218437 18.963537
0.244496 19.003072
0.260155 18.975446
0.287286 18.956504
0.330124 18.973818
0.336092 19.014912
0.376642 18.994971
0.400054 18.999097
0.402823 19.010368
0.417582 19.079349
0.419388 19.031124
0.469994 19.100814
0.475244 19.108088
0.491090 19.103756
0.521564 19.063644
0.539933 18.973968
0.566906 18.588850
0.577702 18.504999
0.591497 18.273346
0.633528 18.223218
0.636870 18.183299
0.649331 18.232419
0.679829 18.313731
0.706790 18.401248
0.725172 18.429524
0.753415 18.455156
0.795074 18.530595
0.801112 18.577917
0.865083 18.646347
0.867843 18.644049
0.911678 18.718294
0.935024 18.725468
0.949449 18.753681
0.952540 18.825796
0.959376 18.749347
0.986588 18.778997
1.004963 18.801613
1.031917 18.867552
1.056544 18.928635
1.101829 18.917729
1.107730 18.905038
1.110777 18.961546
1.144791 18.938927
1.171846 18.955371
