0.029907 16.710440
0.051947 16.724146
0.140623 16.784056
0.172086 16.782602
0.178808 16.805138
0.180374 16.819329
0.182290 16.816038
0.193685 16.927185
0.218781 16.825923
0.227755 16.831236
0.240691 16.824726
0.282360 16.854179
0.286209 16.855985
0.320581 16.835719
0.327885 16.842695
0.347416 16.839284
0.360555 16.869484
0.369506 16.859995
0.375152 16.876974
0.469583 16.989354
0.511325 16.940209
0.516850 16.843491
0.619784 15.990251
0.661324 16.032140
0.684820 16.144682
0.706973 16.229042
0.724643 16.267747
0.748652 16.315768
0.761535 16.325493
0.803212 16.397181
0.806766 16.391207
0.806991 16.398697
0.826648 16.433341
0.841346 16.480330
0.848727 16.483332
0.848729 16.465127
0.854310 16.430673
0.855320 16.463076
0.866391 16.503698
0.990479 16.668126
0.997042 16.669138
1.029907 16.710440
1.051947 16.724146
1.140623 16.784056
1.172086 16.782602
1.178808 16.805138
1.180374 16.819329
1.182290 16.816038
1.193685 16.927185
