0.029915 20.051268
0.030176 20.255005
0.050031 20.241033
0.073755 20.226950
0.091141 20.265018
0.093421 20.356141
0.122846 20.254476
0.147577 20.246439
0.163542 20.337807
0.233585 20.077914
0.241106 20.226336
0.284343 20.247769
0.319438 20.240915
0.367217 20.182696
0.374888 20.286861
0.409203 20.180144
0.453069 20.117064
0.481614 20.149621
0.542828 20.200005
0.594199 20.075817
0.600239 20.195121
0.620855 20.121261
0.719956 19.376017
0.727783 20.205648
0.771144 20.114633
0.832544 20.166991
0.853591 19.644822
0.860895 19.851608
0.896606 20.165815
0.904773 20.137511
0.916401 20.075020
0.940132 20.070525
0.985477 20.215456
0.989264 20.221623
0.991461 20.091014
1.029915 20.051268
1.030176 20.255005
1.050031 20.241033
1.073755 20.226950
1.091141 20.265018
1.093421 20.356141
1.122846 20.254476
1.147577 20.246439
1.163542 20.337807
