0.008439 17.491093
0.066031 17.556023
0.111354 17.519515
0.111938 17.552963
0.181769 17.617032
0.195286 17.642253
0.290713 17.698695
0.303627 17.688888
0.420024 17.702832
0.432889 17.693717
0.449898 17.679928
0.466484 17.681354
0.629058 17.036409
0.758305 17.247708
0.774126 17.305477
0.792622 17.294190
0.874094 17.358668
0.879192 17.394838
0.895913 17.422660
0.921865 17.375883
0.982209 17.445676
0.982677 17.249885
1.008439 17.491093
1.066031 17.556023
1.111354 17.519515
1.111938 17.552963
1.181769 17.617032
1.195286 17.642253
