0.004840 16.935973
0.006172 16.957884
0.028580 16.978033
0.031661 16.984569
0.043148 16.988773
0.110147 17.041596
0.123639 17.028972
0.155440 17.050135
0.157641 17.043741
0.171135 17.047380
0.189059 17.073369
0.193930 17.066193
0.256069 17.094604
0.264064 17.106728
0.269504 17.105461
0.280584 17.109924
0.283060 17.107981
0.290005 17.118467
0.301364 17.131361
0.303505 17.138472
0.333521 17.159529
0.340030 17.163245
0.352165 17.183692
0.353512 17.182615
0.375935 17.209050
0.426499 17.239622
0.470350 17.201448
0.472456 17.189997
0.479446 17.175106
0.485910 17.138609
0.498138 17.078784
0.499435 17.052465
0.511657 16.966963
0.541197 16.781200
0.603406 16.563795
0.616836 16.558227
0.630389 16.569907
0.648707 16.595473
0.650888 16.602348
0.664390 16.607860
0.686147 16.637601
0.773823 16.748610
0.776308 16.759073
0.789814 16.777735
0.794633 16.775342
0.796805 16.772728
0.810310 16.786363
0.817704 16.798129
0.826305 16.800556
0.833285 16.812379
0.844246 16.816817
0.845466 16.822523
0.846717 16.827183
0.858979 16.826330
0.860247 16.842790
0.916713 16.875750
0.919741 16.885996
0.979205 16.933776
0.990176 16.934085
0.992695 16.953413
1.004840 16.935973
1.006172 16.957884
1.028580 16.978033
1.031661 16.984569
1.043148 16.988773
1.110147 17.041596
1.123639 17.028972
1.155440 17.050135
1.157641 17.043741
1.171135 17.047380
1.189059 17.073369
1.193930 17.066193
