0.018910 16.360545
0.083814 16.374358
0.106073 16.378889
0.111573 16.376966
0.129162 16.473360
0.155869 16.380230
0.161811 16.362538
0.192366 16.409662
0.204753 16.422017
0.215721 16.467036
0.274304 16.450097
0.305320 16.437656
0.310810 16.433516
0.334192 16.530512
0.408683 16.508819
0.445390 16.548258
0.480760 16.446137
0.592709 16.218841
0.599199 16.076242
0.690556 15.917503
0.711144 16.194563
0.750892 16.190309
0.759024 15.980595
0.804406 16.085308
0.815359 16.079338
0.869326 16.272977
0.877474 16.134595
0.900426 16.255579
0.922774 16.195426
0.933805 16.222553
0.965319 16.313748
0.993126 16.313527
1.018910 16.360545
1.083814 16.374358
1.106073 16.378889
1.111573 16.376966
1.129162 16.473360
1.155869 16.380230
1.161811 16.362538
1.192366 16.409662
