0.051687 20.495943
0.064998 20.367017
0.065892 20.405441
0.079786 20.329412
0.107441 20.383716
0.121553 20.305328
0.178974 20.469838
0.182227 20.454487
0.193603 20.423518
0.205734 20.430114
0.272411 20.486341
0.296249 20.472804
0.310828 20.464556
0.321476 20.367158
0.344509 20.614862
0.378712 20.472490
0.386479 20.450661
0.389686 20.611505
0.462146 20.438710
0.479903 20.447495
0.484803 20.414610
0.503708 20.370521
0.517896 20.264682
0.575292 20.160994
0.578495 20.161503
0.579430 20.203344
0.591012 20.135619
0.597135 20.210523
0.657783 20.049565
0.683478 20.079144
0.711176 20.105660
0.772621 20.131803
0.782748 20.158634
0.842534 20.215446
0.858494 20.274256
0.876214 20.252804
0.899977 20.348926
0.925055 20.282489
0.971568 20.341836
0.974761 20.306048
0.975735 20.290453
0.990213 20.276587
0.993412 20.309006
1.051687 20.495943
1.064998 20.367017
1.065892 20.405441
1.079786 20.329412
1.107441 20.383716
1.121553 20.305328
1.178974 20.469838
1.182227 20.454487
1.193603 20.423518
