0.001331 15.561844
0.010388 15.568302
0.035322 15.587501
0.080871 15.615895
0.081254 15.616626
0.086105 15.624710
0.103037 15.633474
0.106423 15.638565
0.149088 15.661298
0.163434 15.669335
0.173118 15.681947
0.197902 15.673460
0.198295 15.679670
0.199885 15.685660
0.263059 15.691817
0.266487 15.697035
0.286880 15.692005
0.311677 15.692972
0.312071 15.692036
0.352067 15.726066
0.376867 15.751905
0.380223 15.754805
0.419883 15.805298
0.525637 15.586335
0.533605 15.508446
0.582495 15.285177
0.583378 15.281447
0.607759 15.181456
0.625791 15.137123
0.647661 15.150850
0.650758 15.154511
0.696272 15.214861
0.696664 15.217757
0.718854 15.268026
0.721825 15.257102
0.804440 15.373238
0.813312 15.378489
0.832618 15.415454
0.835558 15.408876
0.856533 15.431569
0.878547 15.454155
0.887552 15.465598
0.892610 15.464340
0.896570 15.463886
0.918204 15.487810
0.927086 15.496346
0.927473 15.495231
0.967480 15.533354
0.989231 15.552725
0.992299 15.557905
1.001331 15.561844
1.010388 15.568302
1.035322 15.587501
1.080871 15.615895
1.081254 15.616626
1.086105 15.624710
1.103037 15.633474
1.106423 15.638565
1.149088 15.661298
1.163434 15.669335
1.173118 15.681947
1.197902 15.673460
1.198295 15.679670
1.199885 15.685660
