0.006215 17.257987
0.087625 17.366869
0.099238 17.374566
0.207807 17.433905
0.230138 17.431347
0.232066 17.421090
0.248986 17.426987
0.345806 17.450101
0.357048 17.444148
0.393797 17.392227
0.410364 17.470871
0.499691 17.553940
0.533283 17.457794
0.588526 16.783533
0.641009 16.521407
0.675931 16.634644
0.733273 16.797978
0.749897 16.834912
0.800387 16.959444
0.839171 17.021494
0.875972 17.072119
0.903778 17.137309
0.942957 17.183586
0.956594 17.193761
0.981871 17.226440
1.006215 17.257987
1.087625 17.366869
1.099238 17.374566
