0.041021 18.838513
0.080079 18.860615
0.111108 18.886417
0.150224 18.947633
0.231531 18.949904
0.242988 18.943036
0.274047 18.916327
0.295336 18.956371
0.313105 18.946423
0.335755 18.977927
0.337701 19.016969
0.355333 19.002148
0.355825 18.960036
0.359385 18.996745
0.366762 19.003094
0.405885 19.005981
0.419139 19.015914
0.459579 18.947291
0.483186 18.836021
0.498597 18.831969
0.529660 18.742896
0.568732 18.651517
0.569771 18.598598
0.622466 18.563773
0.650558 18.580596
0.661539 18.592501
0.682536 18.532943
0.692602 18.610210
0.731666 18.634552
0.754314 18.616876
0.785314 18.644628
0.824437 18.689591
0.855489 18.663172
0.917199 18.780940
0.918272 18.747747
0.948211 18.705610
0.987333 18.781598
1.041021 18.838513
1.080079 18.860615
1.111108 18.886417
1.150224 18.947633
