0.016106 19.715668
0.020760 19.702762
0.027838 19.740184
0.035684 19.751259
0.059962 19.734014
0.082323 19.800365
0.087528 19.847919
0.230997 19.729314
0.320845 19.866278
0.359283 19.782602
0.366065 19.843373
0.381141 19.879756
0.454182 20.009411
0.509430 19.816076
0.582456 19.411300
0.626253 19.218958
0.671476 19.293562
0.754560 19.484481
0.806193 19.526597
0.814791 19.513415
0.887817 19.550667
0.907374 19.610291
0.943077 19.661821
0.954013 19.678492
0.959241 19.662059
1.016106 19.715668
1.020760 19.702762
1.027838 19.740184
1.035684 19.751259
1.059962 19.734014
1.082323 19.800365
1.087528 19.847919
