0.004666 15.559871
0.008932 15.578998
0.010976 15.591779
0.042577 15.619759
0.090056 15.679148
0.160451 15.758224
0.174281 15.763124
0.200543 15.780049
0.207929 15.786085
0.325804 15.767890
0.347404 15.789236
0.365767 15.784438
0.365984 15.783749
0.413241 15.789439
0.443687 15.826529
0.467203 15.845235
0.483640 15.896847
0.522840 15.889045
0.531119 15.869614
0.536965 15.770100
0.599329 14.945105
0.601482 14.905722
0.632551 14.758649
0.648992 14.695477
0.719391 14.939254
0.752128 15.063813
0.764675 15.102850
0.766866 15.083336
0.806828 15.189844
0.884744 15.377982
0.924704 15.445679
0.953763 15.489814
0.972181 15.521837
1.004666 15.559871
1.008932 15.578998
1.010976 15.591779
1.042577 15.619759
1.090056 15.679148
1.160451 15.758224
1.174281 15.763124
