0.008719 17.619687
0.056388 17.667673
0.085890 17.695809
0.087065 17.661821
0.103365 17.720272
0.151847 17.734971
0.163736 17.742886
0.211349 17.768344
0.263891 17.754788
0.306836 17.804265
0.323518 17.908405
0.339572 17.797210
0.354439 17.804988
0.418846 17.834026
0.484978 17.823269
0.491649 17.795857
0.532581 17.640738
0.646631 16.975627
0.675681 16.838960
0.687481 17.021583
0.693001 17.056715
0.718158 16.838160
0.723279 16.961241
0.780668 16.977405
0.783028 17.052321
0.830639 17.237151
0.847986 17.389402
0.935649 17.401113
0.948466 17.554293
0.961182 17.458697
1.008719 17.619687
1.056388 17.667673
1.085890 17.695809
1.087065 17.661821
1.103365 17.720272
1.151847 17.734971
1.163736 17.742886
