0.036283 16.022649
0.041543 16.025581
0.128637 16.136266
0.139591 16.187268
0.151844 16.170650
0.194178 16.185288
0.237461 16.173792
0.248412 16.194453
0.260665 16.184338
0.294553 16.210615
0.296561 16.205722
0.300577 16.216388
0.302999 16.209486
0.392561 16.332183
0.401010 16.325276
0.405401 16.338769
0.447079 16.359927
0.496536 16.185806
0.555903 15.637926
0.584728 15.408910
0.605361 15.368642
0.622355 15.389065
0.664468 15.493282
0.668391 15.501142
0.693570 15.569913
0.760825 15.684738
0.777255 15.716894
0.869648 15.872392
1.036283 16.022649
1.041543 16.025581
1.128637 16.136266
1.139591 16.187268
1.151844 16.170650
1.194178 16.185288
