0.031132 19.480842
0.048243 19.500997
0.068419 19.569578
0.081446 19.569278
0.147773 19.589096
0.181366 19.581072
0.248109 19.672597
0.281312 19.623370
0.298422 19.646323
0.348035 19.663106
0.381245 19.698273
0.398346 19.616110
0.431558 19.677093
0.434357 19.700399
0.439647 19.669908
0.447154 19.704604
0.481172 19.705255
0.489738 19.788629
0.498226 19.707751
0.531482 19.557087
0.567488 19.276136
0.580260 19.246737
0.598211 19.017915
0.631412 18.890488
0.698093 19.003222
0.731345 19.029989
0.748463 19.093041
0.756593 19.118577
0.798073 19.178436
0.829165 19.245025
0.831279 19.283888
0.851680 19.173142
0.859418 19.361768
0.881601 19.317835
0.889746 19.593394
0.925990 19.375947
0.931159 19.410045
0.935261 19.366915
0.939845 19.426427
0.948260 19.420328
0.981468 19.374879
0.992502 19.479380
1.031132 19.480842
1.048243 19.500997
1.068419 19.569578
1.081446 19.569278
1.147773 19.589096
1.181366 19.581072
