0.018662 18.079348
0.034207 18.061823
0.119329 18.177806
0.136507 18.141224
0.178165 18.167866
0.332470 18.148835
0.399934 18.226361
0.406562 18.228490
0.432680 18.248369
0.473096 18.223643
0.490154 18.192242
0.500609 18.116955
0.528237 18.115925
0.601902 17.757662
0.608080 17.838878
0.615760 17.705939
0.646115 17.588294
0.647367 17.752973
0.703352 17.806047
0.768454 17.832871
0.854093 17.945353
0.859462 17.937073
0.886342 17.946379
0.897575 17.952106
0.972027 18.016491
0.976581 18.004887
1.018662 18.079348
1.034207 18.061823
1.119329 18.177806
1.136507 18.141224
1.178165 18.167866
