0.045940 17.849143
0.100160 17.970641
0.112466 17.979724
0.114610 17.971187
0.164556 18.017084
0.234275 18.056505
0.244819 18.059620
0.246913 18.044724
0.276334 18.051193
0.284445 18.059218
0.296908 18.049634
0.312072 18.063450
0.365178 18.035579
0.366638 18.048407
0.416802 18.051354
0.462989 18.116267
0.468478 18.106362
0.595358 17.663444
0.598510 17.616955
0.600846 17.617231
0.627032 17.393310
0.655400 17.263304
0.671350 17.311531
0.786846 17.558830
0.803719 17.602910
0.824703 17.639498
0.864819 17.681890
0.887830 17.702530
0.904067 17.754691
0.913528 17.763847
0.919211 17.740483
0.935539 17.786912
0.957122 17.809797
0.981302 17.831081
0.997210 17.844969
1.045940 17.849143
1.100160 17.970641
1.112466 17.979724
1.114610 17.971187
1.164556 18.017084
