0.001804 15.772620
0.006625 15.768853
0.085021 15.829151
0.193006 15.900738
0.208460 15.899023
0.223494 15.912423
0.248428 15.909221
0.258960 15.906125
0.289805 15.920674
0.316452 15.932735
0.331518 15.949019
0.356412 15.936387
0.455507 16.056498
0.513480 15.845485
0.517345 15.830283
0.546859 15.577549
0.563456 15.544694
0.625372 15.307593
0.635456 15.307598
0.636766 15.330365
0.763705 15.518323
0.769968 15.522334
0.771603 15.524474
0.820539 15.590420
0.825698 15.614143
0.843421 15.627251
0.871690 15.651180
0.877957 15.645082
0.879586 15.649696
0.881980 15.664973
0.882683 15.661559
0.890125 15.670701
0.893774 15.682983
0.951411 15.733947
0.978001 15.753853
0.989985 15.754878
0.998108 15.758105
1.001804 15.772620
1.006625 15.768853
1.085021 15.829151
1.193006 15.900738
