0.005453 15.394003
0.036237 15.418761
0.037527 15.428661
0.054764 15.432829
0.096844 15.503226
0.112711 15.491468
0.179354 15.539938
0.197996 15.543762
0.214205 15.533371
0.232690 15.554380
0.234507 15.527076
0.239961 15.572004
0.255930 15.549436
0.269031 15.556792
0.276809 15.587466
0.299266 15.587506
0.357329 15.545855
0.372612 15.557105
0.373037 15.598072
0.411332 15.617884
0.419873 15.567863
0.515734 15.571382
0.516903 15.510174
0.554441 15.267781
0.575186 15.170752
0.589302 15.024186
0.617231 14.854991
0.623617 14.880864
0.695583 14.844045
0.732429 14.958197
0.760395 15.052434
0.766837 15.014835
0.793023 15.053437
0.862339 15.203332
0.892041 15.239049
0.936144 15.296121
1.005453 15.394003
1.036237 15.418761
1.037527 15.428661
1.054764 15.432829
1.096844 15.503226
1.112711 15.491468
1.179354 15.539938
1.197996 15.543762
