0.031851 16.027901
0.059011 16.045649
0.084107 16.049728
0.106933 16.049369
0.120566 16.083418
0.132162 16.083365
0.145827 16.103681
0.159591 16.101335
0.194529 16.113959
0.211472 16.111930
0.243851 16.113596
0.245899 16.113042
0.259525 16.065121
0.273192 16.030810
0.284725 16.119135
0.297525 16.163006
0.334687 16.151168
0.335016 16.138090
0.371166 16.178729
0.382795 16.198293
0.384863 16.195320
0.398487 16.206712
0.412137 16.216721
0.418447 16.208107
0.423713 16.212468
0.423896 16.221976
0.432432 16.217878
0.462052 16.213595
0.462380 16.200091
0.462736 16.210538
0.510160 16.032580
0.521731 15.944250
0.525235 15.961407
0.528867 15.910584
0.537451 15.885316
0.551040 15.862783
0.551255 15.856078
0.559800 15.850120
0.562682 15.846782
0.579134 15.812577
0.579321 15.814044
0.589423 15.782557
0.590125 15.779126
0.637831 15.692499
0.642054 15.702077
0.656235 15.707027
0.674376 15.718750
0.676416 15.719993
0.680834 15.725749
0.690045 15.739248
0.715299 15.768983
0.765541 15.824292
0.780993 15.835441
0.801739 15.850687
0.808189 15.861312
0.813275 15.865845
0.815417 15.871001
0.829005 15.877259
0.854249 15.842386
0.854640 15.892186
0.857068 15.901779
0.931691 15.965748
0.952215 15.973219
0.954345 15.977100
0.967968 15.990196
0.982010 15.997759
0.993203 16.003568
1.031851 16.027901
1.059011 16.045649
1.084107 16.049728
1.106933 16.049369
1.120566 16.083418
1.132162 16.083365
1.145827 16.103681
1.159591 16.101335
1.194529 16.113959
