0.001324 16.447078
0.030211 16.390972
0.043012 16.465569
0.047793 16.478404
0.072559 16.499172
0.097320 16.460752
0.124240 16.546297
0.138982 16.502418
0.153357 16.517928
0.211602 16.577968
0.253821 16.556152
0.257488 16.658038
0.260792 16.627355
0.268206 16.529879
0.316362 16.543342
0.334681 16.670980
0.339735 16.575116
0.372327 16.653943
0.397582 16.645787
0.449535 16.663506
0.503398 16.416842
0.527129 16.335502
0.539978 16.194064
0.541592 16.228855
0.613063 16.008293
0.642013 16.138322
0.649628 15.919129
0.654819 16.101356
0.656432 16.128913
0.665968 15.691504
0.684186 15.891423
0.727955 16.022953
0.780978 15.936630
0.915347 16.322003
0.928129 16.408964
0.957536 16.281035
0.957722 16.364123
0.982447 16.349101
1.001324 16.447078
1.030211 16.390972
1.043012 16.465569
1.047793 16.478404
1.072559 16.499172
1.097320 16.460752
1.124240 16.546297
1.138982 16.502418
1.153357 16.517928
