0.016327 14.998749
0.089987 15.040685
0.096552 15.045895
0.097406 15.013898
0.112245 15.050157
0.129576 15.052108
0.133366 15.059810
0.210053 15.084982
0.225799 15.090036
0.243132 15.095362
0.246916 15.092028
0.367093 15.133435
0.430012 15.162052
0.480637 15.100655
0.492116 15.046435
0.493657 15.059382
0.552416 14.858753
0.616746 14.755967
0.627756 14.738579
0.665960 14.742474
0.728403 14.774991
0.749527 14.799263
0.762248 14.814366
0.779073 14.832643
0.799393 14.856351
0.841955 14.872326
0.869613 14.888742
0.892614 14.868823
0.898062 14.927861
0.902829 14.929403
0.912950 14.933724
0.976487 14.975405
0.983153 14.966125
1.016327 14.998749
1.089987 15.040685
1.096552 15.045895
1.097406 15.013898
1.112245 15.050157
1.129576 15.052108
1.133366 15.059810
