0.112810 18.004039
0.120389 18.046613
0.123199 18.003042
0.135387 18.044353
0.182277 18.068231
0.229794 18.056756
0.240104 18.065166
0.247632 18.080142
0.262682 18.084419
0.309571 18.076775
0.387111 18.166907
0.400928 18.084280
0.401926 18.121095
0.513746 17.977480
0.532830 17.826713
0.547031 18.196026
0.565679 17.725405
0.612572 17.508249
0.649904 17.591008
0.690144 17.588553
0.712393 17.476527
0.739869 17.634388
0.777198 17.593559
0.839638 17.680984
0.958356 17.862867
0.977543 17.896419
1.112810 18.004039
1.120389 18.046613
1.123199 18.003042
1.135387 18.044353
1.182277 18.068231
