0.034373 16.547039
0.101041 16.599223
0.137983 16.605837
0.145005 16.619868
0.190562 16.620945
0.249584 16.647734
0.279373 16.650813
0.283195 16.658983
0.295099 16.644866
0.318464 16.670657
0.397838 16.741826
0.422999 16.757642
0.426330 16.777109
0.491389 16.657926
0.498417 16.616077
0.510007 16.619698
0.523517 16.439482
0.543929 16.388226
0.602367 16.248666
0.602956 16.191005
0.632243 16.177153
0.646665 16.167196
0.758866 16.307188
0.774574 16.339081
0.791679 16.344293
0.855066 16.390848
0.889191 16.439270
0.959601 16.485353
0.996490 16.530089
1.034373 16.547039
1.101041 16.599223
1.137983 16.605837
1.145005 16.619868
1.190562 16.620945
