0.021884 16.325702
0.084414 16.351096
0.088269 16.377138
0.102097 16.398562
0.185268 16.421563
0.261171 16.430341
0.267677 16.486875
0.282248 16.472398
0.314048 16.419489
0.315558 16.458838
0.332037 16.466163
0.341856 16.459494
0.381803 16.515573
0.389936 16.491168
0.394795 16.511407
0.396387 16.541091
0.411029 16.578835
0.470618 16.617543
0.510568 16.547776
0.620575 15.621325
0.621997 15.620599
0.653375 15.730055
0.696428 15.735730
0.749352 15.905881
0.750809 15.919913
0.817052 16.035661
0.825189 15.974667
0.846912 16.100777
0.893104 16.138719
0.945778 16.232323
0.955899 16.213053
0.973317 16.293493
0.975674 16.285291
1.021884 16.325702
1.084414 16.351096
1.088269 16.377138
1.102097 16.398562
1.185268 16.421563
