0.046922 16.471413
0.053696 16.463093
0.083017 16.485357
0.084051 16.489601
0.111130 16.505935
0.157250 16.553175
0.163982 16.555019
0.192951 16.593967
0.193314 16.587415
0.231441 16.609588
0.241737 16.595691
0.249947 16.606697
0.293318 16.588041
0.335344 16.615292
0.337334 16.609919
0.445629 16.753707
0.479313 16.762391
0.504273 16.706053
0.506868 16.716843
0.523582 16.554779
0.555861 16.140160
0.589533 15.935051
0.614528 15.768707
0.633925 15.816073
0.680894 15.861578
0.710136 15.951508
0.718328 15.998798
0.779772 16.069726
0.791182 16.102497
0.820476 16.171211
0.820683 16.155477
0.877066 16.252625
0.890104 16.269989
0.930994 16.331475
0.987406 16.396000
1.046922 16.471413
1.053696 16.463093
1.083017 16.485357
1.084051 16.489601
1.111130 16.505935
1.157250 16.553175
1.163982 16.555019
1.192951 16.593967
1.193314 16.587415
