0.012322 16.746057
0.031634 16.765902
0.037248 16.791787
0.042731 16.773965
0.065637 16.785563
0.073569 16.820676
0.110636 16.855263
0.123943 16.877389
0.133568 16.885179
0.143818 16.881844
0.154358 16.901242
0.154785 16.889795
0.167670 16.917354
0.194234 16.933776
0.197019 16.891721
0.198072 16.930110
0.198492 16.944670
0.265980 16.962183
0.279295 16.962666
0.309662 16.931888
0.321959 16.931825
0.404410 16.853208
0.421282 16.863753
0.441171 16.883075
0.465058 16.941346
0.492729 16.980796
0.529334 17.013141
0.532963 16.916964
0.537533 16.853086
0.546267 16.859602
0.609354 16.309703
0.632492 16.150886
0.651290 16.187054
0.688306 16.270919
0.731986 16.346027
0.743664 16.434755
0.768242 16.414116
0.776215 16.434804
0.813245 16.524738
0.834930 16.580650
0.843607 16.558511
0.856971 16.583990
0.857437 16.619850
0.887337 16.604561
0.906708 16.654463
0.912326 16.623451
0.968592 16.711139
0.998958 16.729699
1.012322 16.746057
1.031634 16.765902
1.037248 16.791787
1.042731 16.773965
1.065637 16.785563
1.073569 16.820676
1.110636 16.855263
1.123943 16.877389
1.133568 16.885179
1.143818 16.881844
1.154358 16.901242
1.154785 16.889795
1.167670 16.917354
1.194234 16.933776
1.197019 16.891721
1.198072 16.930110
1.198492 16.944670
