0.063721 17.981729
0.069556 17.970142
0.139663 17.978735
0.180602 18.026372
0.344629 18.014805
0.374840 18.050529
0.485660 18.139166
0.576619 17.681315
0.586368 17.640331
0.617678 17.444818
0.634739 17.655738
0.642927 17.402705
0.658751 17.426320
0.689008 17.514613
0.691513 17.622263
0.708584 17.577109
0.718337 17.572322
0.719416 17.705350
0.790718 17.654694
0.814137 17.742839
0.817222 17.714854
0.825548 17.761065
0.851450 17.812534
0.931751 17.848887
0.937589 17.846853
0.946148 17.883289
0.949189 17.866573
1.063721 17.981729
1.069556 17.970142
1.139663 17.978735
1.180602 18.026372
