0.007689 15.810237
0.015449 15.813857
0.051329 15.859642
0.059813 15.884279
0.099782 15.921669
0.127832 15.915461
0.135520 15.932038
0.139385 15.923501
0.144914 15.938213
0.180207 15.951432
0.190996 15.953019
0.191079 15.945282
0.247905 15.978360
0.251768 15.980347
0.257262 15.990199
0.258390 15.977852
0.275194 15.994400
0.278928 15.997928
0.303468 16.007468
0.367328 15.968272
0.370728 15.968735
0.387578 16.005224
0.389054 16.004452
0.391308 16.004907
0.403943 16.040188
0.412100 16.034494
0.431215 16.083784
0.443612 16.097941
0.447729 16.103443
0.475980 16.121531
0.479710 16.112379
0.515371 16.053413
0.519268 16.041315
0.520341 16.015957
0.524491 16.007712
0.543599 15.779775
0.582762 15.353089
0.607550 15.155364
0.627798 15.111183
0.638271 15.199730
0.671444 15.215351
0.719935 15.416252
0.730619 15.395326
0.750654 15.429986
0.755623 15.415922
0.766086 15.531763
0.767507 15.446214
0.783826 15.476197
0.792314 15.510736
0.868009 15.613018
0.878705 15.642445
0.882685 15.640482
0.895305 15.654493
0.987398 15.779020
0.990893 15.790524
0.998135 15.798982
1.007689 15.810237
1.015449 15.813857
1.051329 15.859642
1.059813 15.884279
1.099782 15.921669
1.127832 15.915461
1.135520 15.932038
1.139385 15.923501
1.144914 15.938213
1.180207 15.951432
1.190996 15.953019
1.191079 15.945282
