0.040211 16.936667
0.060317 17.124129
0.104396 16.869031
0.141972 17.032472
0.174323 17.039128
0.194356 17.222826
0.276013 17.110851
0.295074 17.201540
0.318323 17.167717
0.340792 17.224543
0.374044 17.230082
0.383213 17.184986
0.423565 17.085547
0.452410 17.214116
0.543530 16.804985
0.595238 17.100762
0.624738 16.872092
0.659907 16.726192
0.673214 16.787108
0.688701 16.635101
0.702380 16.814560
0.720989 16.639794
0.729315 16.649918
0.738708 16.810130
0.794069 16.871318
0.807325 16.737577
0.822795 16.820694
0.943965 17.077782
1.040211 16.936667
1.060317 17.124129
1.104396 16.869031
1.141972 17.032472
1.174323 17.039128
1.194356 17.222826
