0.005418 19.480143
0.021451 19.615846
0.032928 19.608231
0.040847 19.663632
0.074649 19.620746
0.096594 19.665555
0.131315 19.699136
0.135565 19.741294
0.245387 19.736848
0.246407 19.742466
0.249721 19.737485
0.289887 19.462643
0.330752 19.762232
0.356308 19.739103
0.359544 19.821498
0.392823 19.838056
0.440628 19.941121
0.463662 19.884704
0.502687 19.788920
0.524142 19.779743
0.616758 19.003115
0.634014 19.001598
0.634610 19.027560
0.705021 19.116787
0.709550 19.175482
0.725194 19.172920
0.730919 19.255395
0.759941 19.327297
0.764195 19.200987
0.770184 19.286709
0.835067 19.435383
0.874017 19.463224
0.878307 19.478530
0.895544 19.426996
0.930989 19.525037
0.971084 19.592057
0.988192 19.570889
1.005418 19.480143
1.021451 19.615846
1.032928 19.608231
1.040847 19.663632
1.074649 19.620746
1.096594 19.665555
1.131315 19.699136
1.135565 19.741294
