0.030712 14.895755
0.046293 14.911591
0.052501 14.929229
0.088952 14.937390
0.106695 14.968569
0.117991 14.955814
0.141304 14.960525
0.152371 14.976945
0.183675 15.024823
0.215019 15.051604
0.262862 15.027422
0.325552 15.030047
0.376357 15.103751
0.446814 15.189122
0.452140 15.174477
0.524515 14.900876
0.562063 14.627644
0.635059 14.393749
0.672610 14.439820
0.763750 14.604069
0.825822 14.678740
0.914328 14.800758
0.935766 14.814696
0.941969 14.832712
1.030712 14.895755
1.046293 14.911591
1.052501 14.929229
1.088952 14.937390
1.106695 14.968569
1.117991 14.955814
1.141304 14.960525
1.152371 14.976945
1.183675 15.024823
