0.011860 16.335189
0.046207 16.360071
0.048652 16.365627
0.054064 16.369636
0.064134 16.382448
0.157297 16.441442
0.199571 16.460881
0.269003 16.479808
0.308172 16.475672
0.322818 16.462569
0.377664 16.469053
0.431921 16.564182
0.540565 16.284246
0.589937 15.994542
0.646027 15.885608
0.680422 15.905445
0.735853 15.993368
0.790045 16.107073
0.799171 16.120897
0.844514 16.139903
0.907817 16.237857
0.912499 16.229780
1.011860 16.335189
1.046207 16.360071
1.048652 16.365627
1.054064 16.369636
1.064134 16.382448
1.157297 16.441442
1.199571 16.460881
