0.009414 16.223842
0.038051 16.247397
0.065448 16.231951
0.065801 16.264103
0.070516 16.249235
0.090420 16.256294
0.106968 16.287948
0.134725 16.304856
0.185376 16.269146
0.199661 16.303956
0.226442 16.290127
0.226945 16.319585
0.282467 16.328652
0.286103 16.308337
0.323581 16.345471
0.351377 16.355863
0.411128 16.400914
0.444765 16.301609
0.471308 16.343100
0.512056 16.286913
0.512523 16.274267
0.531102 16.214675
0.632460 15.995375
0.639917 16.175876
0.660250 15.982513
0.679814 16.130118
0.688056 16.152923
0.729176 16.024219
0.756932 16.043008
0.759890 16.115049
0.821388 16.097839
0.849151 16.118742
0.876909 16.138541
0.889422 16.178255
0.914047 16.130317
0.918030 16.165557
0.945780 16.194534
0.950542 16.197568
0.970445 16.238540
1.009414 16.223842
1.038051 16.247397
1.065448 16.231951
1.065801 16.264103
1.070516 16.249235
1.090420 16.256294
1.106968 16.287948
1.134725 16.304856
1.185376 16.269146
1.199661 16.303956
