0.001479 17.958545
0.010386 17.968956
0.033709 18.011277
0.053588 18.000265
0.054593 18.004977
0.124118 18.054073
0.156347 18.088845
0.177231 18.110498
0.275597 18.120325
0.302354 18.075534
0.454779 18.177715
0.691615 17.578924
0.746710 17.742920
0.756512 17.775041
0.761623 17.764440
0.789740 17.810360
0.814277 17.729872
0.852564 17.797499
0.975250 17.941212
1.001479 17.958545
1.010386 17.968956
1.033709 18.011277
1.053588 18.000265
1.054593 18.004977
1.124118 18.054073
1.156347 18.088845
1.177231 18.110498
