0.040765 19.095769
0.053332 19.090748
0.092399 19.088467
0.124631 19.119997
0.168343 19.155782
0.222758 19.168949
0.228407 19.202274
0.304165 19.171592
0.318143 19.206261
0.358346 19.264388
0.361809 19.105302
0.364985 19.193134
0.402252 19.251061
0.437516 19.294403
0.442162 19.270997
0.462087 19.286672
0.498407 19.339398
0.517083 19.522742
0.540295 18.978462
0.552363 18.813782
0.575523 18.759834
0.595459 18.654139
0.635669 18.675689
0.650432 18.699946
0.673697 18.590624
0.679339 18.429364
0.755103 18.689912
0.853232 18.856591
0.888506 18.870571
0.893089 18.901221
0.919921 18.986203
0.986632 18.997229
0.991230 19.031227
1.040765 19.095769
1.053332 19.090748
1.092399 19.088467
1.124631 19.119997
1.168343 19.155782
