0.015546 15.967243
0.062788 16.000281
0.090027 16.011169
0.093015 16.054978
0.104089 16.024199
0.107084 16.029329
0.142187 16.029450
0.150134 16.043771
0.152817 16.046048
0.189428 16.094416
0.233743 16.110291
0.247797 16.119017
0.250797 16.115089
0.277192 16.107924
0.317652 16.095499
0.340354 16.136165
0.391511 16.193827
0.394503 16.197341
0.403853 16.194554
0.420505 16.199506
0.444243 16.228419
0.466992 16.212123
0.518122 16.085757
0.521164 16.126709
0.535227 15.934440
0.634702 15.409844
0.661885 15.475648
0.675894 15.500483
0.678941 15.491131
0.721993 15.596101
0.745730 15.658907
0.761345 15.646894
0.794191 15.722004
0.819654 15.734017
0.822603 15.740620
0.822669 15.791966
0.838019 15.785041
0.888208 15.850081
0.920852 15.882082
0.940245 15.879204
0.946265 15.896911
0.949311 15.916007
0.960388 15.905977
0.963369 15.911873
0.964726 15.927264
0.966353 15.933517
1.015546 15.967243
1.062788 16.000281
1.090027 16.011169
1.093015 16.054978
1.104089 16.024199
1.107084 16.029329
1.142187 16.029450
1.150134 16.043771
1.152817 16.046048
1.189428 16.094416
