0.006659 17.266225
0.009926 17.266447
0.060922 17.322249
0.073476 17.320471
0.117716 17.360846
0.129616 17.367632
0.132875 17.360833
0.158167 17.375125
0.240676 17.404602
0.243932 17.393560
0.259099 17.418348
0.290651 17.430530
0.298564 17.458942
0.366904 17.507546
0.370116 17.516098
0.382064 17.523525
0.384632 17.524279
0.409623 17.538673
0.493121 17.429591
0.505029 17.343548
0.505503 17.341206
0.508281 17.322997
0.555051 17.053494
0.616045 16.838692
0.617631 16.835686
0.619339 16.833422
0.634511 16.850477
0.728647 16.978617
0.742311 17.003198
0.757469 17.024086
0.795160 17.066410
0.809079 17.100512
0.865261 17.149692
0.868526 17.154623
0.883647 17.158027
0.893773 17.168424
0.949855 17.216359
0.994748 17.248512
1.006659 17.266225
1.009926 17.266447
1.060922 17.322249
1.073476 17.320471
1.117716 17.360846
1.129616 17.367632
1.132875 17.360833
1.158167 17.375125
