0.007282 19.384559
0.035643 19.413866
0.035814 19.389370
0.045285 19.407112
0.160946 19.453870
0.169288 19.534168
0.189531 19.506482
0.192619 19.590720
0.198995 19.486790
0.304886 19.479302
0.314662 19.527004
0.317795 19.602900
0.343248 19.502501
0.430084 19.569542
0.430429 19.533561
0.458957 19.611286
0.478541 19.681121
0.488010 19.609572
0.488763 19.614314
0.490472 19.729780
0.496961 19.408306
0.582137 19.113339
0.584137 19.157085
0.603718 19.068331
0.612672 19.056371
0.613989 18.914573
0.615624 18.846117
0.622141 18.910501
0.737639 19.063186
0.737804 19.072367
0.766389 19.093583
0.853166 19.298555
0.882101 19.241106
0.891521 19.261539
1.007282 19.384559
1.035643 19.413866
1.035814 19.389370
1.045285 19.407112
1.160946 19.453870
1.169288 19.534168
1.189531 19.506482
1.192619 19.590720
1.198995 19.486790
