0.020912 16.050800
0.061112 16.099867
0.068962 16.116167
0.080682 16.131357
0.088543 16.140621
0.128458 16.189779
0.165930 16.193085
0.206133 16.247245
0.225705 16.254463
0.319891 16.237248
0.330361 16.186947
0.413770 15.971408
0.433731 16.296064
0.473743 16.299401
0.475382 15.868008
0.499973 16.280207
0.533007 15.855393
0.559178 16.055820
0.570899 16.003595
0.578751 15.879811
0.590460 15.874789
0.618788 15.454358
0.665027 15.652550
0.696341 15.369648
0.715866 15.424953
0.719756 15.669036
0.724677 15.759023
0.756453 15.653385
0.820576 15.926888
0.845201 15.770689
0.869699 15.933074
0.878251 15.961179
0.901526 15.891954
0.904230 15.922201
0.904375 15.878058
0.923941 15.918186
0.957326 15.949188
0.965585 16.054128
0.983457 16.027553
1.020912 16.050800
1.061112 16.099867
1.068962 16.116167
1.080682 16.131357
1.088543 16.140621
1.128458 16.189779
1.165930 16.193085
