0.040565 17.243137
0.116378 17.283531
0.126890 17.292102
0.144922 17.309495
0.184283 17.296780
0.218499 17.285348
0.246833 17.283217
0.270600 17.305435
0.287794 17.306160
0.288653 17.301769
0.313028 17.286654
0.341304 17.296873
0.350283 17.285807
0.353847 17.285529
0.362224 17.322920
0.390505 17.335816
0.418882 17.365676
0.456735 17.378390
0.458446 17.391483
0.506023 17.290867
0.695960 16.704166
0.705316 16.729495
0.732613 16.747825
0.760995 16.808839
0.777918 16.857975
0.784826 16.894249
0.849073 16.994278
0.876393 17.005859
0.904722 17.048652
0.921623 17.064223
1.040565 17.243137
1.116378 17.283531
1.126890 17.292102
1.144922 17.309495
1.184283 17.296780
