1756.779290373793	14.381725112614332
1786.517465642363	14.562591351566976
1806.5194227065335	14.665349894967626
1806.6957632899976	14.188175151622094
1942.234441333073	14.43017690376666
1975.536938715364	14.359717393675174
1975.7130806691343	14.537162741546462
1993.4658431682644	14.309288556630989
1993.5398654338217	14.4040485406086
2132.2548436828197	14.537846986095644
2132.328850134984	14.566612857091767
2166.5585345001587	14.11920709522988
2166.734707893164	14.37690327752895
2179.8143961478554	14.577924709286531
2179.990537950463	14.242448290846353
2180.064579131746	14.16043524669473
2271.8087402368883	14.171147067262773
2271.8827915082056	14.28601932818403
2272.058915076474	14.487741533437148
2272.1329160701766	14.55204056889405
2278.312117477631	14.30356258099726
2278.386118105729	14.39727144845574
2278.5622339087777	14.56093693689886
2278.6362638159253	14.60052189771609
2318.0320639351276	14.21868852612332
2318.1060847168305	14.325083011814808
2358.578292234818	14.39679936459375
2358.754438655445	14.546115775643196
2358.8284122772143	14.590398099045304
2359.004556525211	14.16582050452944
2359.078585533905	14.19369692834497
2359.2547278130473	14.43156313495713
2364.507529214861	14.543966180179671
2364.581529939941	14.573426650401167
2364.7576947422967	14.238060580865378
2364.8316751316124	14.158372001503288
2365.0078207639153	14.4014551730502
2365.0818230261752	14.488687638745938
2459.8175478901144	14.2159347260453
2459.8915326262513	14.326261503479936
2460.067730763302	14.524837095844624
2472.0739807069526	14.31855645714534
2472.1480498791866	14.412651649603308
2507.804438808712	14.299506846234356
2643.4813158781817	14.452934328791128
2660.483617222033	14.373446111291743
2660.6597582986506	14.27061173117954
